19
19
72 127 181 322 401 405 411 437 496 516 543 609 689 700 729 906 928 963 964
25
72 127 178 181 239 401 405 411 415 437 446 496 516 543 609 687 689 700 716 729 906 928 963 964 998
238
5 11 14 24 36 42 48 49 56 60 62 72 75 80 81 87 88 91 109 113 115 118 120 121 122 124 125 128 129 132 141 143 144 145 146 150 154 161 170 171 174 178 179 182 187 188 189 205 215 217 219 223 242 243 246 247 250 254 257 258 260 264 266 271 272 278 282 290 291 297 303 308 309 312 322 324 336 337 352 353 356 357 360 363 365 374 380 385 388 390 391 393 396 399 413 414 418 419 420 432 434 436 438 439 441 443 446 448 454 455 471 480 481 491 501 506 509 520 525 526 532 534 545 546 547 551 552 558 559 567 570 574 577 579 581 583 590 593 596 600 602 604 609 611 627 629 635 640 645 646 649 656 666 675 680 681 685 686 699 705 708 711 713 717 718 721 734 736 740 742 743 746 749 756 757 762 763 764 767 776 784 785 790 793 797 802 804 805 807 815 817 819 822 824 827 830 840 850 860 861 863 870 873 875 881 883 886 889 892 903 909 910 918 926 928 929 930 934 936 938 941 942 944 948 952 953 958 960 969 970 973 978 984 991 993 995 997 998
385
3 5 11 14 17 21 24 36 37 42 47 48 49 53 56 60 61 62 65 66 71 72 73 74 75 78 80 81 82 84 87 88 89 91 92 93 98 104 109 110 111 112 113 115 116 118 120 121 122 124 125 128 129 132 136 138 141 143 144 145 146 148 150 154 160 161 167 170 171 174 178 179 182 184 187 188 189 192 203 205 212 215 217 219 223 231 233 242 243 246 247 248 250 252 254 255 257 258 260 264 266 270 271 272 275 278 282 287 288 290 291 297 299 303 308 309 310 311 312 316 317 318 320 322 324 328 329 333 336 337 338 348 349 350 352 353 356 357 358 360 363 365 372 374 376 379 380 385 388 389 390 391 393 394 395 396 399 400 412 413 414 418 419 420 421 422 429 432 434 435 436 438 439 441 443 446 447 448 449 451 454 455 461 471 478 480 481 483 490 491 492 494 501 506 509 510 511 519 520 522 525 526 532 534 540 545 546 547 551 552 553 554 557 558 559 560 561 563 567 570 574 576 577 579 581 583 590 593 596 600 602 604 606 609 610 611 621 627 629 635 640 645 646 649 650 656 666 672 673 675 680 681 685 686 691 693 699 704 705 708 711 713 715 717 718 719 721 725 728 734 736 738 739 740 742 743 746 749 751 753 755 756 757 760 762 763 764 767 771 772 776 777 781 784 785 790 793 794 797 799 801 802 804 805 806 807 808 811 812 815 817 819 820 822 824 827 829 830 831 835 836 838 840 847 850 853 854 860 861 863 870 872 873 875 876 881 883 886 889 891 892 894 900 903 909 910 918 920 921 924 925 926 928 929 930 934 936 938 941 942 944 946 948 951 952 953 957 958 960 965 969 970 973 974 978 980 982 984 986 988 991 993 995 997 998
759
0 1 3 4 5 6 7 8 9 10 11 12 13 14 16 19 20 21 22 23 28 29 30 33 34 35 37 39 41 42 43 44 46 48 50 51 52 53 54 55 57 58 59 60 61 62 67 68 69 70 71 73 74 75 76 77 78 79 80 81 83 85 86 87 89 90 91 92 93 94 95 97 98 99 101 102 103 104 105 106 107 108 112 113 114 115 116 118 120 122 124 125 126 127 128 133 134 136 137 138 140 142 144 146 148 149 150 151 152 153 154 155 157 158 159 160 161 162 163 164 165 166 167 170 171 172 174 176 177 178 179 182 184 187 189 190 191 192 194 195 196 197 198 199 200 201 202 204 205 206 207 208 209 211 212 213 214 215 217 218 220 221 222 223 224 225 227 229 231 232 233 234 236 238 239 240 241 242 243 244 245 247 249 250 251 252 253 254 255 256 257 260 261 262 263 264 265 269 270 271 272 273 274 276 277 281 282 283 284 286 287 288 289 290 291 293 294 297 298 300 304 306 307 309 310 311 312 313 314 315 316 317 318 319 320 321 322 323 324 325 326 327 328 329 330 333 334 336 337 338 339 340 341 342 346 347 348 349 350 351 352 353 354 356 357 358 362 363 366 367 368 370 371 372 373 374 375 376 377 378 379 380 382 383 385 386 387 389 390 392 394 395 396 398 399 400 401 402 404 405 406 407 408 410 412 413 414 415 416 417 418 419 420 421 424 425 426 427 429 432 433 434 435 438 439 440 441 442 443 444 446 447 448 451 452 454 455 456 457 458 459 461 462 463 465 466 467 468 469 471 472 473 474 475 476 477 478 479 480 481 483 484 485 486 487 488 489 491 493 494 495 497 498 499 500 501 503 504 506 507 508 509 510 511 512 513 515 516 517 518 519 520 521 522 523 524 525 526 527 530 531 532 533 534 535 536 537 538 540 542 543 544 545 546 547 548 549 550 551 552 553 554 555 557 558 562 564 565 566 568 570 571 572 574 575 576 577 578 580 581 582 583 584 585 586 588 589 590 591 592 593 594 595 596 599 600 601 602 603 604 605 606 608 609 612 613 614 615 616 617 618 619 620 621 622 624 626 628 629 631 632 633 634 636 637 638 640 641 642 643 644 645 646 647 648 649 650 651 652 653 654 655 658 659 663 664 665 668 669 670 672 673 674 677 678 680 681 682 683 686 687 688 689 691 692 693 694 695 696 698 699 701 702 703 704 705 706 708 709 711 713 714 715 716 717 718 719 720 721 722 723 724 726 728 729 730 731 733 735 736 738 739 740 741 742 743 745 746 747 748 749 750 751 752 753 757 758 759 761 762 763 766 767 769 770 771 772 773 774 775 776 778 779 780 782 783 786 787 788 790 791 792 793 794 795 796 797 798 799 800 801 802 803 805 806 807 808 810 811 812 814 817 818 819 820 821 822 823 824 825 826 827 828 829 832 833 835 836 837 839 841 842 844 845 846 847 849 851 852 855 856 857 859 860 862 863 864 865 866 868 869 873 874 875 876 877 879 880 881 882 883 885 886 887 888 889 890 891 892 894 895 896 897 898 899 900 901 903 904 905 906 908 909 910 911 912 914 915 916 917 918 919 923 924 925 926 928 930 931 933 934 935 936 937 938 940 942 943 944 945 946 947 948 949 950 951 953 954 955 956 958 959 960 961 963 965 967 969 970 972 974 975 976 978 979 980 983 984 986 987 988 989 990 991 992 994 995 996 998
943
0 1 2 3 4 5 6 7 8 9 10 11 12 13 14 15 16 19 20 21 22 23 24 25 26 27 28 29 30 32 33 34 35 36 37 38 39 40 41 42 43 44 45 46 47 48 49 50 51 52 53 54 55 57 58 59 60 62 63 64 66 67 68 69 70 71 72 73 74 75 76 77 78 79 80 81 83 84 85 86 87 88 89 90 91 92 93 94 95 96 97 98 99 100 101 102 103 104 105 106 107 108 109 110 111 112 113 114 115 116 117 118 119 120 122 123 124 125 126 127 128 129 131 132 133 134 135 136 137 138 139 140 141 142 144 146 147 148 149 150 151 152 153 154 155 156 157 158 159 160 161 162 163 164 165 166 167 168 169 170 171 172 173 174 175 176 177 178 179 181 182 184 185 186 187 188 189 190 191 192 193 194 195 196 197 198 199 200 201 202 204 205 206 207 208 209 210 211 212 213 214 215 216 217 218 219 220 221 222 223 224 225 227 228 229 230 231 232 233 234 235 236 238 239 240 241 242 243 244 245 246 247 249 250 251 252 253 254 255 256 257 259 260 261 262 263 264 265 266 267 268 269 270 271 272 273 274 275 276 277 278 281 282 283 284 285 286 287 288 289 290 291 292 293 294 295 296 297 298 299 300 302 304 305 306 307 308 309 310 311 312 313 314 315 316 317 318 319 320 321 322 323 324 325 326 327 328 329 330 332 333 334 335 336 337 338 339 340 341 342 343 344 346 347 348 349 350 351 352 353 354 355 356 357 358 359 361 362 363 364 365 366 367 368 369 370 371 372 373 374 375 376 377 378 379 380 381 382 383 384 385 386 387 388 389 390 392 393 394 395 396 398 399 400 401 402 403 404 405 406 407 408 409 410 411 412 413 414 415 416 417 418 419 420 421 422 423 424 425 426 427 428 429 430 432 433 434 435 437 438 439 440 441 442 443 444 445 446 447 448 449 451 452 453 454 455 456 457 458 459 460 461 462 463 464 465 466 467 468 469 470 471 472 473 474 475 476 477 478 479 480 481 482 483 484 485 486 487 488 489 490 491 492 493 494 495 496 497 498 499 500 501 503 504 506 507 508 509 510 511 512 513 515 516 517 518 519 520 521 522 523 524 525 526 527 528 529 530 531 532 533 534 535 536 537 538 539 540 541 542 543 544 545 546 547 548 549 550 551 552 553 554 555 556 557 558 559 560 561 562 563 564 565 566 567 568 569 570 571 572 573 574 575 576 577 578 580 581 582 583 584 585 586 587 588 589 590 591 592 593 594 595 596 597 598 599 600 601 602 603 604 605 606 607 608 609 610 611 612 613 614 615 616 617 618 619 620 621 622 623 624 626 627 628 629 630 631 632 633 634 635 636 637 638 640 641 642 643 644 645 646 647 648 649 650 651 652 653 654 655 656 657 658 659 660 661 663 664 665 667 668 669 670 671 672 673 674 675 677 678 679 680 681 682 683 684 685 686 687 688 689 690 691 692 693 694 695 696 697 698 699 700 701 702 703 704 705 706 708 709 710 711 712 713 714 715 716 717 718 719 720 721 722 723 724 725 726 728 729 730 731 732 733 734 735 736 737 738 739 740 741 742 743 745 746 747 748 749 750 751 752 753 754 756 757 758 759 760 761 762 763 764 765 766 767 768 769 770 771 772 773 774 775 776 777 778 779 780 781 782 783 784 785 786 787 788 789 790 791 792 793 794 795 796 797 798 799 800 801 802 803 804 805 806 807 808 810 811 812 813 814 815 817 818 819 820 821 822 823 824 825 826 827 828 829 830 831 832 833 834 835 836 837 839 840 841 842 843 844 845 846 847 848 849 851 852 853 854 855 856 857 858 859 860 862 863 864 865 866 867 868 869 870 871 872 873 874 875 876 877 878 879 880 881 882 883 884 885 886 887 888 889 890 891 892 893 894 895 896 897 898 899 900 901 903 904 905 906 907 908 909 910 911 912 913 914 915 916 917 918 919 920 921 923 924 925 926 927 928 929 930 931 932 933 934 935 936 937 938 939 940 942 943 944 945 946 947 948 949 950 951 953 954 955 956 957 958 959 960 961 963 965 966 967 968 969 970 972 973 974 975 976 978 979 980 981 982 983 984 986 987 988 989 990 991 992 993 994 995 996 997 998 999
366
0 1 6 7 11 12 15 19 32 33 34 36 40 44 46 48 52 53 57 63 66 68 70 71 77 78 80 81 82 84 88 89 91 93 100 104 109 110 113 114 125 127 130 136 137 142 144 145 146 147 149 152 156 159 160 170 171 172 178 181 182 186 188 189 190 192 193 197 198 199 202 204 208 213 215 217 221 222 224 237 239 240 243 244 248 252 253 254 255 257 261 262 263 265 266 267 268 271 275 280 294 299 302 303 310 312 316 317 319 321 322 323 325 329 332 334 336 337 338 340 341 342 344 345 347 350 351 352 355 358 359 363 364 365 366 367 369 375 382 384 389 392 394 396 397 403 408 409 410 416 417 419 428 429 430 432 436 437 446 450 451 456 458 461 462 463 467 469 471 472 473 476 478 492 498 500 501 505 506 518 519 521 529 535 538 545 547 548 551 552 553 555 560 561 563 564 565 568 575 576 577 578 581 583 584 585 586 590 592 593 594 603 610 611 624 632 634 636 637 639 643 648 649 651 659 667 668 669 672 673 674 675 676 677 678 680 682 688 691 694 696 700 701 702 704 705 706 708 711 713 714 716 722 728 733 735 738 739 740 742 744 750 751 752 753 754 758 760 774 775 776 777 778 780 781 784 790 792 802 803 804 805 807 809 810 811 819 821 823 824 827 830 832 836 837 838 843 844 847 848 856 858 861 863 866 867 869 870 872 874 875 876 878 879 882 885 887 888 890 891 895 897 900 902 905 911 912 917 919 920 921 923 924 925 928 929 931 932 934 935 938 939 942 946 947 949 953 955 958 960 961 963 964 972 976 978 979 986 987 988 989 990 991 996 997 998
711
0 1 2 5 6 7 8 9 10 11 12 13 15 17 19 21 23 24 25 29 31 32 33 34 35 36 37 38 39 40 41 42 43 44 45 46 48 49 52 53 55 57 58 61 62 63 64 66 67 68 69 70 71 75 77 78 80 81 82 84 85 86 87 88 89 91 93 94 96 97 99 100 104 107 108 109 110 111 113 114 116 121 123 125 126 127 128 129 130 131 133 134 136 137 139 141 142 143 144 145 146 147 149 150 151 152 154 155 156 157 159 160 161 162 164 165 166 167 169 170 171 172 173 174 176 178 179 180 181 182 183 185 186 188 189 190 191 192 193 196 197 198 199 200 202 204 205 207 208 211 213 214 215 217 218 219 220 221 222 223 224 225 226 228 229 231 233 234 237 238 239 240 241 243 244 246 248 252 253 254 255 257 259 261 262 263 264 265 266 267 268 270 271 272 273 275 277 279 280 285 287 288 292 294 296 297 298 299 300 302 303 304 310 312 315 316 317 318 319 320 321 322 323 324 325 326 327 329 330 332 333 334 335 336 337 338 339 340 341 342 343 344 345 346 347 348 349 350 351 352 354 355 356 357 358 359 360 361 363 364 365 366 367 368 369 370 375 377 378 381 382 384 385 386 387 388 389 390 392 394 395 396 397 398 399 400 401 403 404 405 407 408 409 410 411 413 416 417 418 419 422 424 428 429 430 432 433 436 437 438 439 441 442 443 446 449 450 451 452 453 454 455 456 457 458 459 460 461 462 463 466 467 469 470 471 472 473 476 478 484 485 487 488 489 490 491 492 493 494 495 496 497 498 499 500 501 502 504 505 506 507 510 511 512 514 515 516 517 518 519 521 522 524 527 528 529 530 534 535 536 537 538 543 544 545 547 548 551 552 553 555 556 560 561 562 563 564 565 566 567 568 569 572 575 576 577 578 579 581 583 584 585 586 587 588 590 591 592 593 594 595 596 597 598 599 600 602 603 604 605 606 608 610 611 612 613 616 620 623 624 625 627 629 630 631 632 634 636 637 638 639 640 641 642 643 644 646 647 648 649 651 656 657 659 661 662 663 665 667 668 669 672 673 674 675 676 677 678 679 680 682 683 684 685 688 690 691 692 694 696 697 700 701 702 703 704 705 706 707 708 709 711 713 714 715 716 717 718 720 721 722 726 728 729 730 733 734 735 736 737 738 739 740 742 743 744 747 748 749 750 751 752 753 754 755 756 757 758 759 760 764 766 767 770 772 773 774 775 776 777 778 780 781 782 784 785 786 787 789 790 791 792 795 797 799 800 802 803 804 805 807 808 809 810 811 812 813 814 817 818 819 821 823 824 827 828 830 832 833 834 836 837 838 839 842 843 844 845 847 848 849 850 851 856 857 858 859 861 863 866 867 868 869 870 871 872 873 874 875 876 878 879 880 881 882 884 885 886 887 888 890 891 892 893 894 895 897 898 900 901 902 903 905 907 908 909 910 911 912 913 914 915 916 917 918 919 920 921 923 924 925 926 927 928 929 930 931 932 934 935 936 938 939 942 943 946 947 949 950 953 954 955 958 960 961 962 963 964 966 967 970 972 974 976 977 978 979 981 983 984 986 987 988 989 990 991 992 993 996 997 998
183
17 26 30 34 37 38 53 56 59 60 62 68 82 84 87 89 96 101 108 113 118 127 131 133 135 136 137 139 141 147 152 156 158 160 163 165 181 192 205 215 224 229 239 247 256 266 269 273 274 281 284 298 305 313 318 325 326 331 336 338 339 340 342 354 355 356 358 363 367 371 373 382 383 386 390 394 399 401 404 410 419 421 430 451 465 470 477 481 497 512 516 521 523 526 529 537 548 560 575 577 578 585 588 594 602 603 610 613 630 632 639 645 653 657 667 670 671 683 684 686 687 690 696 718 719 721 722 725 727 732 738 740 741 750 752 753 755 758 765 774 778 780 783 786 789 796 799 802 803 809 810 811 813 819 827 838 849 851 854 857 864 870 874 876 879 881 886 889 895 904 914 916 925 933 936 946 951 970 976 978 983 990 994
905
0 1 2 3 4 5 6 7 8 9 10 11 12 13 16 17 18 19 22 23 24 26 28 29 30 31 32 34 35 36 37 38 41 42 43 45 46 47 48 49 50 51 52 53 55 56 57 58 59 60 62 63 64 65 66 67 68 69 70 71 72 73 74 75 78 79 80 81 82 84 85 86 87 88 89 90 91 92 93 94 95 96 97 98 99 100 101 102 103 104 105 107 108 109 110 111 112 113 115 116 118 119 120 121 122 125 126 127 128 130 131 132 133 134 135 136 137 138 139 140 141 142 143 144 145 146 147 148 149 150 151 152 153 154 155 156 157 158 159 160 161 162 163 164 165 166 167 168 169 170 171 172 173 174 175 176 177 178 179 180 181 182 183 184 185 186 188 189 190 191 192 193 194 195 196 197 198 199 200 201 202 203 204 205 206 207 208 209 210 211 212 213 214 215 216 217 218 219 220 221 222 223 224 225 226 227 228 229 230 231 232 233 235 237 238 239 240 241 242 243 244 247 248 249 250 252 254 255 256 257 258 259 260 262 264 265 266 267 269 270 271 272 273 274 275 276 277 278 280 281 282 283 284 285 286 287 288 290 291 292 293 294 295 296 297 298 299 300 301 303 304 305 306 307 308 309 310 312 313 314 315 316 317 318 319 320 321 322 324 325 326 327 328 329 330 331 332 333 334 335 336 337 338 339 340 341 342 343 344 345 346 347 349 350 351 352 353 354 355 356 357 358 359 360 361 362 363 364 365 366 367 368 369 370 371 372 373 374 375 376 377 378 379 380 382 383 384 385 386 387 389 390 391 392 393 394 395 396 397 398 399 400 401 402 403 404 405 406 407 408 409 410 411 412 414 415 416 417 418 419 420 421 423 424 425 427 428 430 432 433 434 435 436 437 439 440 441 442 443 444 445 446 447 448 449 450 451 452 453 454 456 457 458 459 460 462 463 464 465 466 467 468 469 470 471 472 473 474 475 476 477 478 479 480 481 482 483 484 485 486 487 488 489 490 491 492 493 495 496 497 498 499 501 502 503 504 505 506 507 509 510 511 512 513 514 515 516 517 518 519 520 521 522 523 524 525 526 527 528 529 531 532 533 534 535 536 537 538 539 540 541 542 543 544 545 546 547 548 549 550 552 553 554 555 556 558 559 560 561 563 564 565 566 567 569 570 571 572 573 574 575 576 577 578 579 580 581 582 583 584 585 586 588 589 590 591 592 593 594 595 596 597 598 599 600 601 602 603 604 605 606 607 608 609 610 611 612 613 615 616 617 619 620 621 622 623 624 625 626 627 628 629 630 632 634 635 636 637 638 639 640 642 644 645 646 647 649 651 652 653 654 655 656 657 658 659 660 661 662 663 664 665 667 668 669 670 671 673 674 676 677 678 679 680 681 682 683 684 685 686 687 688 689 690 691 692 693 694 695 696 697 698 700 701 702 703 704 705 706 707 708 709 710 712 713 715 717 718 719 720 721 722 723 724 725 726 727 728 729 731 732 733 734 735 736 738 739 740 741 742 743 744 745 746 747 748 749 750 751 752 753 754 755 757 758 759 760 761 763 764 765 766 769 771 772 773 774 775 776 777 778 779 780 781 782 783 784 785 786 787 788 789 790 791 793 794 795 796 797 798 799 800 801 802 803 804 805 806 807 808 809 810 811 812 813 814 815 816 817 818 819 820 821 822 823 824 826 827 828 829 830 831 834 835 836 837 838 840 841 842 843 844 845 846 847 848 849 850 851 853 854 855 856 857 858 859 860 861 862 863 864 865 866 867 868 869 870 871 872 874 875 876 877 878 879 880 881 882 883 884 885 886 887 888 889 891 892 893 894 895 898 899 900 901 902 903 904 905 906 907 908 909 910 911 912 913 914 915 916 917 918 919 920 921 922 923 924 925 926 927 928 929 930 931 932 933 934 935 936 937 938 939 940 941 942 943 944 945 946 947 948 949 950 951 952 953 954 955 957 958 959 961 962 963 964 965 968 969 970 971 972 973 975 976 977 978 979 980 981 982 983 984 985 986 987 989 990 992 993 994 995 996 997 998 999
309
3 7 13 16 17 22 23 29 35 42 44 45 46 50 51 52 54 57 59 67 69 74 76 83 85 86 97 98 102 104 117 118 120 122 131 135 136 137 145 150 152 153 154 157 158 163 165 167 169 175 178 180 185 186 194 196 197 201 205 208 209 215 216 217 218 223 224 226 230 232 237 238 241 243 245 248 249 256 257 262 264 267 270 274 278 286 288 290 291 292 295 297 301 303 304 305 308 309 312 315 317 318 319 324 329 332 335 339 340 341 342 345 346 348 350 354 355 362 368 370 372 378 387 388 389 391 392 393 394 395 396 397 399 403 404 406 407 408 411 414 415 417 418 420 424 425 429 433 434 438 442 444 445 449 450 451 458 465 469 472 473 474 475 476 480 482 489 497 500 502 505 506 507 509 510 511 513 519 521 524 529 530 536 537 539 543 549 552 554 560 561 562 564 565 566 567 571 580 581 586 588 597 599 600 606 608 609 614 622 625 627 630 632 633 634 641 644 647 650 653 656 657 659 661 662 664 665 668 669 670 671 674 676 680 682 684 685 700 707 711 722 729 733 735 736 740 747 753 754 761 766 778 780 791 806 810 812 814 816 817 818 823 829 830 833 834 844 847 849 857 863 865 866 868 871 872 875 876 879 881 891 893 909 910 914 916 926 931 932 934 938 939 941 942 947 948 954 956 958 961 964 966 967 971 978 979 985 992 999
810
1 2 3 4 7 9 10 11 13 14 16 17 18 20 21 22 23 24 25 26 27 28 29 32 33 35 36 37 39 40 42 44 45 46 47 48 49 50 51 52 54 56 57 58 59 60 61 64 66 67 68 69 71 72 73 74 75 78 79 80 81 83 84 85 86 87 88 89 90 92 93 94 97 98 99 100 102 103 104 105 106 108 110 111 112 113 114 115 116 117 118 119 120 121 122 123 124 125 127 130 131 132 134 135 136 137 138 139 141 143 144 145 146 147 148 149 150 151 152 153 154 155 156 157 158 159 161 162 163 165 166 167 168 169 171 172 173 174 175 176 177 178 180 181 182 183 184 185 186 187 188 189 190 191 192 194 196 197 198 200 201 203 205 206 207 208 209 210 212 213 215 216 217 218 219 221 222 223 224 225 226 228 229 230 231 232 233 234 235 236 237 238 239 240 241 242 243 245 246 247 248 249 251 252 253 254 255 256 257 258 259 260 261 262 263 264 265 266 267 268 269 270 271 272 273 274 275 276 277 278 280 281 284 285 286 287 288 290 291 292 293 294 295 297 298 299 300 301 302 303 304 305 306 307 308 309 310 311 312 315 316 317 318 319 320 321 322 323 324 325 326 328 329 332 333 334 335 337 338 339 340 341 342 343 345 346 348 349 350 351 352 353 354 355 356 358 359 360 361 362 364 365 366 368 369 370 371 372 373 375 376 377 378 379 380 381 382 383 384 385 386 387 388 389 390 391 392 393 394 395 396 397 399 400 401 403 404 405 406 407 408 409 410 411 412 414 415 417 418 420 421 422 424 425 426 428 429 431 432 433 434 435 436 437 438 439 440 441 442 443 444 445 446 448 449 450 451 452 453 454 456 457 458 460 461 462 463 464 465 468 469 470 471 472 473 474 475 476 477 479 480 481 482 483 484 486 487 488 489 490 492 493 495 496 497 500 501 502 503 505 506 507 509 510 511 513 515 517 518 519 520 521 523 524 527 529 530 531 532 535 536 537 539 540 541 542 543 545 546 547 548 549 550 551 552 553 554 555 556 558 559 560 561 562 564 565 566 567 568 571 572 573 575 576 577 578 579 580 581 583 585 586 587 588 589 590 591 592 593 594 596 597 599 600 601 604 605 606 607 608 609 613 614 615 617 618 619 620 621 622 623 625 626 627 628 629 630 632 633 634 639 640 641 643 644 647 649 650 652 653 656 657 659 660 661 662 663 664 665 666 667 668 669 670 671 672 673 674 675 676 677 678 679 680 681 682 683 684 685 686 687 688 691 692 693 694 695 697 698 700 701 702 703 704 705 706 707 708 709 710 711 712 713 715 716 717 718 719 720 722 725 726 727 728 729 730 731 732 733 734 735 736 737 738 740 744 747 748 749 750 751 752 753 754 756 759 761 762 763 764 765 766 767 768 769 770 772 774 775 777 778 779 780 781 782 783 784 785 786 788 789 790 791 792 795 796 797 798 800 802 803 805 806 807 809 810 811 812 813 814 815 816 817 818 821 823 824 825 826 827 828 829 830 831 832 833 834 835 836 837 838 839 841 842 843 844 845 846 847 848 849 850 851 852 853 857 860 863 864 865 866 867 868 869 870 871 872 874 875 876 878 879 880 881 882 886 887 888 889 890 891 892 893 895 896 897 898 899 900 902 903 904 905 908 909 910 911 912 913 914 916 917 920 921 922 924 925 926 927 929 930 931 932 934 935 936 937 938 939 940 941 942 943 944 945 946 947 948 949 950 951 952 953 954 955 956 958 959 960 961 963 964 965 966 967 968 970 971 975 976 977 978 979 980 981 983 984 985 987 988 989 990 991 992 993 994 995 996 998 999
476
1 4 6 11 12 13 14 15 19 25 26 27 30 32 35 36 37 40 41 42 43 47 48 49 50 52 53 58 59 61 70 71 74 76 78 79 80 81 84 86 90 91 92 93 99 100 101 102 106 107 110 112 113 116 117 118 120 122 126 127 128 129 130 131 132 134 135 136 139 142 143 146 147 148 153 154 155 156 159 160 161 162 163 164 166 167 168 169 171 172 173 174 175 176 177 178 179 180 181 182 183 187 188 189 190 194 197 198 199 201 209 210 211 213 214 220 221 223 224 225 226 232 233 235 237 241 242 243 245 246 247 249 257 258 262 265 276 277 279 280 281 282 283 287 288 292 295 299 301 304 305 306 311 312 313 316 318 320 322 324 325 326 327 330 332 335 336 337 339 340 342 343 344 346 348 349 351 352 354 357 358 366 367 368 371 372 374 375 376 380 385 386 387 389 390 393 394 396 397 399 400 402 403 405 407 408 409 411 414 417 420 421 424 425 427 428 429 432 433 436 437 438 443 445 446 449 451 452 454 456 457 459 460 461 472 474 478 480 481 482 485 487 488 489 490 491 492 495 503 505 507 508 509 512 513 514 524 525 528 531 533 536 538 539 541 546 547 548 550 551 553 554 556 558 560 563 564 566 568 572 573 574 576 577 579 582 584 585 588 591 596 600 602 604 609 611 612 614 615 616 617 619 620 622 626 627 628 632 633 634 636 637 640 642 645 648 649 651 654 656 659 662 664 665 667 668 671 673 675 677 678 679 681 682 684 689 690 691 692 693 695 696 701 702 703 705 706 708 710 712 714 715 716 718 721 723 725 726 727 729 730 731 732 733 734 738 742 747 748 749 754 757 758 759 760 761 762 765 767 774 775 776 778 779 781 784 785 788 794 799 800 805 808 810 811 812 813 814 817 818 823 826 827 828 830 831 833 834 836 839 841 844 845 846 849 853 856 858 862 863 865 866 867 869 871 872 873 877 878 880 885 887 890 893 897 900 905 906 907 908 909 917 919 921 923 926 928 931 933 935 937 939 940 941 946 950 953 954 955 960 961 962 963 965 966 967 968 973 975 978 982 987 989 993 994 996
954
0 1 2 3 4 5 6 7 8 9 10 11 12 13 14 15 16 17 18 19 20 22 23 24 25 26 27 29 30 31 32 33 34 35 36 37 38 39 40 41 42 43 44 45 46 47 48 49 50 51 52 53 55 56 57 58 59 61 62 63 64 65 66 67 68 69 70 71 72 73 74 75 76 77 78 79 80 81 82 83 84 86 87 88 89 90 91 92 93 94 95 96 97 98 99 100 101 102 104 105 106 107 108 109 110 112 113 114 115 116 117 118 119 120 121 122 123 124 126 127 128 129 130 131 132 134 135 136 137 138 139 140 141 142 143 144 145 146 147 148 149 150 151 152 153 154 155 156 157 158 159 160 161 162 163 164 166 167 168 169 170 171 172 173 174 175 176 177 178 179 180 181 182 183 184 187 188 189 190 191 192 193 194 195 196 197 198 199 200 201 202 203 204 205 206 207 208 209 210 211 212 213 214 215 216 217 218 219 220 221 222 223 224 225 226 227 228 229 230 231 232 233 234 235 236 237 238 240 241 242 243 244 245 246 247 248 249 250 252 253 254 255 256 257 258 259 260 261 262 263 264 265 266 267 268 269 272 273 275 276 277 278 279 280 281 282 283 284 285 286 287 288 289 290 291 292 293 294 295 296 297 298 299 300 301 303 304 305 306 307 308 309 310 311 312 313 314 315 316 317 318 319 320 322 323 324 325 326 327 328 329 330 331 332 333 334 335 336 337 338 339 340 341 342 343 344 345 346 347 348 349 350 351 352 353 354 355 356 357 358 359 360 361 362 363 364 365 366 367 368 369 370 371 372 373 374 375 376 377 378 379 380 381 382 383 385 386 387 388 389 390 392 393 394 396 397 398 399 400 401 402 403 404 405 406 407 408 409 410 411 412 413 414 415 417 418 419 420 421 422 423 424 425 426 427 428 429 430 431 432 433 434 435 436 437 438 439 440 441 442 443 444 445 446 447 448 449 450 451 452 453 454 455 456 457 458 459 460 461 462 463 464 465 466 467 468 469 470 471 472 474 475 476 477 478 480 481 482 483 484 485 486 487 488 489 490 491 492 493 494 495 496 497 498 499 500 501 502 503 504 505 506 507 508 509 510 511 512 513 514 515 516 517 518 519 520 521 522 523 524 525 527 528 529 530 531 532 533 535 536 537 538 539 541 542 543 544 546 547 548 549 550 551 552 553 554 555 556 557 558 559 560 561 562 563 564 565 566 567 568 569 570 571 572 573 574 576 577 578 579 580 582 583 584 585 586 587 588 589 590 591 592 593 594 595 596 597 598 599 600 601 602 603 604 605 606 607 608 609 610 611 612 613 614 615 616 617 618 619 620 621 622 623 624 625 626 627 628 630 631 632 633 634 635 636 637 639 640 641 642 643 644 645 646 647 648 649 650 651 652 653 654 656 659 660 661 662 663 664 665 666 667 668 669 670 671 672 673 674 675 677 678 679 680 681 682 683 684 686 687 688 689 690 691 692 693 694 695 696 697 700 701 702 703 704 705 706 707 708 709 710 711 712 713 714 715 716 717 718 719 720 721 722 723 724 725 726 727 728 729 730 731 732 733 734 735 736 737 738 739 740 741 742 743 744 745 746 747 748 749 750 751 752 753 754 755 756 757 758 759 760 761 762 763 764 765 766 767 769 770 771 772 773 774 775 776 777 778 779 780 781 782 783 784 785 786 787 788 789 791 792 793 794 795 796 797 798 799 800 801 802 803 804 805 806 807 808 809 810 811 812 813 814 815 816 817 818 819 820 821 822 823 824 825 826 827 828 829 830 831 832 833 834 835 836 837 838 839 840 841 842 843 844 845 846 847 848 849 850 851 852 853 854 855 856 857 858 859 860 861 862 863 864 865 866 867 868 869 871 872 873 874 875 876 877 878 879 880 881 882 883 884 885 886 887 888 889 890 891 892 893 894 895 896 897 898 899 900 901 902 903 904 905 906 907 908 909 910 911 912 913 914 915 916 917 918 919 920 921 922 923 925 926 927 928 929 931 932 933 934 935 936 937 938 939 940 941 942 943 944 945 946 947 948 949 950 951 952 953 954 955 956 957 958 959 960 961 962 963 964 965 966 967 968 969 970 971 972 973 974 975 976 977 978 979 980 981 982 983 985 986 987 988 989 990 991 992 993 994 995 996 997 998 999
176
1 14 17 28 30 37 39 40 41 42 44 45 52 56 78 80 82 84 89 93 98 109 110 115 124 129 134 136 142 146 149 150 151 157 174 180 186 188 196 198 202 215 220 232 243 248 254 256 271 274 291 292 293 300 305 308 309 323 327 331 347 356 358 359 360 379 380 382 389 400 406 408 424 426 429 431 447 451 454 460 462 471 474 485 488 493 496 502 507 511 514 516 534 536 537 539 559 565 573 575 576 579 596 597 603 610 612 614 626 630 633 641 646 655 659 661 662 667 678 680 690 692 696 698 699 702 721 725 728 739 743 748 765 772 784 796 797 799 810 814 820 821 841 858 868 871 873 874 877 880 887 890 895 896 897 898 902 903 908 915 917 924 939 950 951 954 956 972 973 975 977 982 984 986 987 993
460
1 2 5 9 10 14 15 17 19 21 22 27 28 29 30 34 37 39 40 41 42 43 44 45 51 52 56 61 65 66 67 71 75 78 80 82 84 87 89 90 93 94 96 98 99 101 105 106 109 110 112 113 115 116 118 119 121 124 127 129 131 132 134 136 137 140 142 144 145 146 149 150 151 155 156 157 161 166 167 168 169 170 174 175 179 180 186 188 192 196 198 201 202 203 204 205 208 212 213 215 216 218 219 220 221 222 223 225 231 232 233 235 237 239 243 246 247 248 250 254 255 256 259 260 262 264 271 274 276 280 282 283 286 288 289 290 291 292 293 299 300 305 308 309 312 316 317 318 320 323 324 327 328 329 331 335 339 344 347 350 351 356 358 359 360 362 363 365 366 370 371 374 375 378 379 380 382 389 391 397 398 400 405 406 408 409 411 412 413 415 417 419 420 424 426 429 430 431 432 433 436 437 439 440 442 443 445 446 447 451 452 454 457 460 462 463 464 465 467 468 471 474 477 480 481 482 483 484 485 488 493 496 501 502 507 511 513 514 516 517 518 519 520 522 527 530 534 536 537 539 542 544 545 550 552 554 556 559 563 565 566 567 568 570 571 573 574 575 576 579 581 582 583 585 592 593 596 597 599 600 603 605 606 608 610 612 613 614 615 619 625 626 630 631 633 641 646 648 650 651 655 658 659 660 661 662 667 669 672 674 678 680 681 683 688 690 692 695 696 697 698 699 701 702 707 709 710 712 713 718 719 720 721 723 724 725 728 736 738 739 742 743 746 748 750 751 752 753 754 762 764 765 768 771 772 773 774 782 784 786 787 791 792 794 795 796 797 799 807 808 810 811 814 815 816 819 820 821 825 828 836 839 841 843 846 847 850 853 858 860 861 863 864 865 868 871 872 873 874 875 877 880 887 889 890 891 893 895 896 897 898 901 902 903 908 911 912 913 915 917 918 920 921 922 923 924 927 929 930 934 939 945 946 948 949 950 951 954 956 958 959 960 966 969 970 972 973 974 975 977 978 979 981 982 984 986 987 993 994 996
740
0 1 2 3 5 6 7 8 9 10 11 12 13 14 15 16 18 20 21 23 24 25 28 30 32 35 36 37 38 39 41 42 44 45 46 47 48 49 51 53 55 56 57 58 60 61 65 67 68 69 71 73 74 75 77 78 79 80 81 82 85 86 88 89 90 91 94 95 96 97 98 99 101 102 103 105 106 107 110 113 114 115 117 118 120 122 123 124 126 128 129 130 131 132 133 134 135 136 137 138 139 140 141 143 145 146 147 148 149 151 152 153 154 155 157 159 160 161 162 163 166 167 168 169 170 171 172 173 174 175 176 179 180 181 182 185 186 187 188 192 193 196 198 201 202 203 205 206 207 211 212 213 214 215 216 217 220 223 225 226 227 228 230 232 233 234 235 236 237 238 240 241 243 244 246 247 248 251 252 253 254 257 259 260 261 263 264 266 267 269 270 272 273 275 278 281 282 283 286 287 288 289 290 291 293 294 296 298 299 300 301 302 305 306 308 310 311 312 313 314 315 317 319 320 321 322 323 324 325 326 327 328 329 330 332 333 335 336 337 338 340 341 342 344 346 347 350 352 353 354 355 356 357 358 359 360 361 363 365 366 367 368 370 371 372 373 374 375 376 377 378 379 380 382 384 385 386 387 389 390 392 396 398 399 401 402 403 404 406 408 410 411 412 413 414 415 416 417 418 420 421 423 425 426 427 428 429 430 431 432 433 434 436 437 438 439 440 441 442 444 445 446 447 448 449 451 452 453 454 455 457 458 459 460 461 462 464 465 466 467 468 469 470 471 472 473 474 476 477 478 479 481 484 485 488 490 492 494 495 496 497 498 499 500 501 502 503 504 505 506 508 509 510 511 513 514 515 516 517 518 519 520 521 522 523 525 526 527 528 529 530 531 532 534 535 536 538 540 543 544 545 546 548 550 552 554 555 556 557 558 559 560 562 563 565 566 567 568 569 570 571 573 574 575 576 578 579 582 584 585 586 589 590 592 593 596 597 598 599 601 602 603 604 605 606 608 609 610 612 613 614 615 617 618 620 621 623 625 626 627 628 629 630 633 634 635 636 638 639 640 642 643 644 645 646 649 650 651 652 654 655 656 657 659 660 661 662 663 665 666 667 668 669 671 672 673 674 675 676 677 679 682 683 684 685 686 687 689 690 691 692 694 695 696 698 699 700 701 702 703 704 705 706 707 708 709 710 711 712 713 714 715 716 717 718 719 720 721 722 723 724 727 728 730 731 732 733 735 737 738 741 742 745 746 747 748 749 750 751 752 753 754 755 756 757 758 759 760 762 763 764 765 766 768 769 770 771 774 775 777 778 779 780 781 782 784 785 786 788 791 793 794 795 796 797 799 800 801 803 808 810 811 812 813 816 817 819 820 821 824 825 828 829 831 832 833 834 836 837 838 839 841 843 844 845 846 847 848 849 851 853 854 855 858 859 860 861 862 863 865 866 867 869 871 872 874 875 876 877 879 880 882 883 886 887 889 890 893 894 895 896 897 899 900 901 902 903 904 905 906 907 908 909 910 912 915 916 917 919 920 922 923 924 927 928 929 930 931 933 934 936 938 939 940 941 942 943 944 946 947 948 951 952 953 954 955 957 958 962 963 964 965 967 968 969 970 971 972 974 975 976 977 978 979 980 981 982 983 984 985 987 988 989 990 993 994 995 996 997 999
923
0 1 2 3 4 5 6 7 8 9 10 11 12 13 14 15 16 17 18 19 20 21 22 23 24 25 26 27 28 30 31 32 35 36 37 38 39 40 41 42 43 44 45 46 47 48 49 51 52 53 55 56 57 58 59 60 61 62 63 65 66 67 68 69 70 71 72 73 74 75 76 77 78 79 80 81 82 83 84 85 86 87 88 89 90 91 92 93 94 95 96 97 98 99 100 101 102 103 104 105 106 107 110 111 112 113 114 115 116 117 118 119 120 121 122 123 124 125 126 128 129 130 131 132 133 134 135 136 137 138 139 140 141 142 143 145 146 147 148 149 150 151 152 153 154 155 157 159 160 161 162 163 164 165 166 167 168 169 170 171 172 173 174 175 176 177 178 179 180 181 182 183 185 186 187 188 189 190 191 192 193 194 196 197 198 200 201 202 203 204 205 206 207 208 210 211 212 213 214 215 216 217 218 219 220 221 223 224 225 226 227 228 229 230 231 232 233 234 235 236 237 238 240 241 242 243 244 245 246 247 248 249 251 252 253 254 255 256 257 259 260 261 262 263 264 265 266 267 269 270 271 272 273 275 276 278 279 281 282 283 284 286 287 288 289 290 291 292 293 294 296 298 299 300 301 302 303 304 305 306 307 308 309 310 311 312 313 314 315 316 317 318 319 320 321 322 323 324 325 326 327 328 329 330 332 333 334 335 336 337 338 339 340 341 342 343 344 345 346 347 348 349 350 351 352 353 354 355 356 357 358 359 360 361 363 365 366 367 368 369 370 371 372 373 374 375 376 377 378 379 380 381 382 384 385 386 387 388 389 390 392 393 394 395 396 397 398 399 401 402 403 404 405 406 407 408 410 411 412 413 414 415 416 417 418 420 421 422 423 424 425 426 427 428 429 430 431 432 433 434 436 437 438 439 440 441 442 443 444 445 446 447 448 449 451 452 453 454 455 456 457 458 459 460 461 462 464 465 466 467 468 469 470 471 472 473 474 475 476 477 478 479 480 481 482 484 485 486 487 488 489 490 491 492 493 494 495 496 497 498 499 500 501 502 503 504 505 506 507 508 509 510 511 512 513 514 515 516 517 518 519 520 521 522 523 524 525 526 527 528 529 530 531 532 533 534 535 536 537 538 540 541 542 543 544 545 546 547 548 549 550 551 552 553 554 555 556 557 558 559 560 562 563 564 565 566 567 568 569 570 571 572 573 574 575 576 578 579 582 583 584 585 586 587 588 589 590 591 592 593 594 596 597 598 599 601 602 603 604 605 606 608 609 610 611 612 613 614 615 617 618 619 620 621 622 623 624 625 626 627 628 629 630 631 633 634 635 636 637 638 639 640 641 642 643 644 645 646 647 648 649 650 651 652 653 654 655 656 657 659 660 661 662 663 664 665 666 667 668 669 670 671 672 673 674 675 676 677 678 679 680 682 683 684 685 686 687 688 689 690 691 692 693 694 695 696 697 698 699 700 701 702 703 704 705 706 707 708 709 710 711 712 713 714 715 716 717 718 719 720 721 722 723 724 726 727 728 729 730 731 732 733 734 735 736 737 738 739 740 741 742 745 746 747 748 749 750 751 752 753 754 755 756 757 758 759 760 761 762 763 764 765 766 768 769 770 771 774 775 776 777 778 779 780 781 782 783 784 785 786 787 788 789 790 791 792 793 794 795 796 797 799 800 801 803 804 808 809 810 811 812 813 814 815 816 817 818 819 820 821 823 824 825 826 827 828 829 830 831 832 833 834 835 836 837 838 839 840 841 843 844 845 846 847 848 849 850 851 852 853 854 855 857 858 859 860 861 862 863 864 865 866 867 868 869 871 872 873 874 875 876 877 879 880 881 882 883 884 885 886 887 888 889 890 891 892 893 894 895 896 897 898 899 900 901 902 903 904 905 906 907 908 909 910 912 914 915 916 917 919 920 921 922 923 924 925 927 928 929 930 931 933 934 935 936 937 938 939 940 941 942 943 944 945 946 947 948 949 950 951 952 953 954 955 956 957 958 959 960 961 962 963 964 965 967 968 969 970 971 972 974 975 976 977 978 979 980 981 982 983 984 985 986 987 988 989 990 993 994 995 996 997 999
66
45 53 55 59 63 68 83 114 122 123 156 190 202 206 218 220 223 268 269 270 283 317 350 371 374 375 384 389 413 417 419 445 456 469 501 509 519 530 534 537 554 562 577 622 653 654 666 672 698 712 734 735 738 748 755 781 837 842 879 883 927 947 952 957 958 985
197
5 14 26 27 34 43 45 53 54 55 59 61 62 63 68 80 83 95 114 122 123 126 130 132 135 137 139 149 151 155 156 163 178 183 185 188 190 191 192 196 201 202 206 213 218 220 221 223 243 253 261 263 268 269 270 277 283 288 297 299 314 316 317 326 331 347 350 360 365 371 372 374 375 384 389 391 400 405 411 413 417 418 419 423 431 444 445 455 456 462 467 469 478 485 491 493 495 501 508 509 519 520 530 534 535 537 539 541 542 554 560 562 570 574 575 577 581 582 590 600 602 606 608 612 613 619 622 631 633 639 650 653 654 663 665 666 667 672 688 690 698 701 703 711 712 714 731 732 734 735 738 748 754 755 757 763 764 770 771 779 781 782 791 799 801 811 818 831 832 836 837 842 844 846 850 851 866 868 874 879 883 886 894 904 909 918 919 927 929 939 943 947 952 957 958 959 985
220
3 4 5 19 21 24 26 28 30 31 32 34 44 47 50 52 60 63 66 71 72 81 82 84 85 97 103 104 105 113 115 120 126 127 128 130 136 137 142 150 159 162 171 174 176 186 191 203 207 209 221 234 237 238 242 245 247 249 253 256 276 295 298 303 311 314 318 319 321 327 334 340 343 344 346 348 358 364 365 366 369 375 379 385 386 389 395 405 407 408 409 412 413 415 416 418 421 426 427 429 433 437 438 449 450 458 464 469 473 476 484 485 491 496 502 505 509 510 511 517 518 527 534 543 548 559 567 569 581 583 584 588 589 592 596 602 603 604 606 608 609 617 618 631 632 633 640 641 650 652 658 660 664 665 668 671 678 680 681 682 683 684 688 693 695 698 709 718 722 725 732 736 739 742 743 745 747 748 750 752 753 761 762 766 770 774 800 804 806 810 814 816 818 826 834 843 851 858 868 876 878 879 882 903 913 915 917 940 945 947 952 953 955 958 960 972 981 985 989 998
482
3 4 5 10 11 12 17 19 21 23 24 26 28 30 31 32 34 37 38 40 43 44 45 46 47 50 51 52 56 57 60 62 63 64 66 67 70 71 72 75 76 81 82 84 85 91 92 93 97 98 100 102 103 104 105 106 107 111 113 115 120 121 122 125 126 127 128 130 131 133 134 136 137 138 140 142 146 150 154 157 159 160 161 162 163 167 171 173 174 176 177 186 188 189 190 191 194 199 203 206 207 208 209 214 216 219 221 222 227 231 233 234 235 237 238 239 242 245 247 249 250 253 255 256 257 263 266 274 275 276 279 280 282 285 286 290 294 295 298 303 304 307 311 313 314 315 318 319 321 323 325 326 327 330 334 337 338 340 342 343 344 346 347 348 349 351 352 353 354 355 357 358 363 364 365 366 369 372 373 374 375 379 381 382 383 384 385 386 389 390 391 394 395 398 401 404 405 407 408 409 412 413 415 416 417 418 421 423 425 426 427 429 433 435 437 438 443 445 447 449 450 453 458 459 460 461 462 464 467 469 470 473 476 477 478 480 481 484 485 486 491 492 494 496 497 498 499 502 505 507 509 510 511 512 514 517 518 519 520 527 531 533 534 539 541 543 545 546 547 548 550 551 555 556 557 558 559 560 564 567 568 569 570 571 573 575 577 578 579 581 582 583 584 588 589 591 592 596 598 602 603 604 606 608 609 617 618 620 624 630 631 632 633 634 636 637 640 641 646 649 650 651 652 658 660 663 664 665 668 669 670 671 672 673 676 678 680 681 682 683 684 685 686 688 689 690 691 692 693 695 698 708 709 715 718 722 725 728 731 732 736 738 739 740 742 743 745 746 747 748 749 750 752 753 754 759 761 762 766 768 770 771 774 777 778 781 782 783 784 788 793 797 798 800 804 806 810 811 813 814 816 818 820 824 826 828 834 836 838 843 850 851 858 861 863 867 868 870 871 876 878 879 880 882 888 892 893 895 897 898 899 900 901 903 907 908 909 913 915 916 917 919 920 922 923 926 927 929 933 935 940 941 945 947 948 949 950 952 953 954 955 956 957 958 960 962 963 964 966 968 970 972 975 979 981 983 985 987 988 989 996 998
16
12 135 268 321 379 388 407 471 472 745 780 931 946 965 969 998
31
12 135 161 268 321 379 384 388 395 407 426 471 472 476 585 617 638 682 745 761 780 791 802 908 931 945 946 965 969 989 998
184
0 2 6 10 14 18 27 30 31 44 50 51 55 62 63 65 66 67 71 80 85 87 88 90 94 96 97 107 116 122 125 127 128 135 136 141 158 161 164 184 191 196 197 198 206 217 218 219 225 230 247 248 253 255 269 271 280 281 292 297 302 307 322 325 332 338 341 346 349 353 354 362 363 367 369 373 379 384 387 393 396 406 420 422 425 438 442 443 454 462 475 477 491 496 499 501 503 509 515 518 521 524 530 541 556 565 576 580 587 599 604 609 611 622 630 637 643 651 653 654 655 657 666 681 683 685 687 688 691 692 694 696 699 705 714 719 720 724 727 730 738 741 742 760 767 774 778 786 787 793 803 816 823 825 840 844 848 853 865 869 900 903 907 914 917 929 933 936 948 951 961 962 963 964 969 970 977 978 980 983 988 989 991 992
209
0 2 6 10 14 15 18 27 30 31 32 35 37 44 50 51 55 56 62 63 65 66 67 71 76 80 85 87 88 90 94 96 97 107 116 122 125 127 128 135 136 141 158 161 164 170 184 191 196 197 198 206 217 218 219 225 230 247 248 253 255 269 271 280 281 292 297 302 304 307 322 323 325 332 337 338 341 346 349 353 354 362 363 367 369 373 379 384 387 393 396 406 420 422 425 438 442 443 462 475 477 491 496 499 501 503 509 515 518 521 524 527 530 539 541 556 565 576 580 587 599 604 609 611 622 630 637 643 651 652 653 654 655 657 665 666 670 681 683 685 687 688 691 692 694 696 699 705 714 719 720 724 727 730 737 738 740 741 742 760 767 774 778 786 787 793 795 803 812 816 823 825 833 840 844 848 853 862 865 869 885 900 903 907 914 917 918 929 933 936 948 951 954 961 962 963 964 969 970 977 978 980 982 983 985 988 989 991 992
602
2 9 10 11 12 13 14 16 18 19 20 26 32 33 34 36 38 39 43 44 46 48 52 53 54 55 57 58 59 60 61 62 64 65 69 70 71 72 73 76 80 82 83 84 85 86 87 88 89 93 94 95 96 99 101 103 104 105 106 107 108 109 110 111 113 115 116 118 119 121 122 123 124 125 127 129 130 131 132 133 136 137 138 139 140 141 143 145 146 147 148 149 150 153 154 156 159 160 161 162 163 164 168 169 171 172 173 174 175 176 177 178 180 183 186 188 190 191 193 194 195 196 198 199 200 201 202 204 207 208 210 212 214 215 216 218 219 220 222 224 225 227 228 232 235 236 237 238 239 241 242 244 245 247 248 249 250 251 254 256 257 258 259 262 263 265 266 273 277 279 280 283 285 286 288 289 291 295 296 297 298 299 300 301 302 304 305 307 309 310 311 313 314 315 316 320 322 324 325 326 327 329 331 333 334 335 337 338 340 343 344 345 346 347 348 350 352 353 354 355 356 359 362 365 367 368 369 371 373 374 375 376 377 378 380 382 384 386 389 390 392 393 394 397 398 399 401 403 404 405 408 409 410 411 412 414 416 418 419 421 423 425 426 427 428 429 430 432 433 437 438 439 440 441 443 444 445 446 447 448 449 451 452 453 454 456 457 458 462 464 467 469 471 473 474 475 476 479 480 481 483 489 490 491 492 494 495 496 498 499 500 502 503 506 507 508 510 511 512 517 519 522 523 524 525 526 530 533 534 535 537 538 539 540 541 543 544 545 546 547 553 554 555 558 559 560 561 564 565 566 567 568 569 570 571 572 573 574 576 577 578 580 582 584 586 587 588 589 591 593 594 595 596 598 600 603 605 607 608 610 612 615 617 618 621 622 623 626 627 629 630 633 634 635 637 638 640 644 645 646 648 650 651 652 653 655 656 657 659 661 662 663 667 669 670 672 673 674 675 677 678 679 680 681 682 684 685 686 687 688 689 690 691 693 694 696 699 702 705 706 707 708 709 712 714 717 718 719 722 724 725 728 729 732 733 734 736 737 739 740 741 742 743 745 747 748 749 753 756 759 761 763 765 766 767 770 773 784 785 787 788 790 792 793 795 796 797 798 799 800 801 802 804 805 807 808 811 812 813 817 818 819 820 823 824 825 827 830 831 833 834 836 838 839 840 842 843 845 847 848 849 850 851 852 855 857 859 863 866 867 869 873 874 875 878 879 882 883 884 885 888 889 891 892 894 897 900 902 903 905 906 908 909 911 920 921 923 924 928 930 931 937 939 940 941 942 943 945 946 949 950 951 953 955 958 959 960 962 963 964 966 967 968 972 973 974 977 979 980 981 982 983 985 986 988 990 991 992 993 995 996 999
773
2 3 5 6 9 10 11 12 13 14 16 17 18 19 20 26 27 29 32 33 34 36 37 38 39 43 44 45 46 47 48 51 52 53 54 55 57 58 59 60 61 62 63 64 65 69 70 71 72 73 76 77 79 80 82 83 84 85 86 87 88 89 90 91 93 94 95 96 98 99 100 101 102 103 104 105 106 107 108 109 110 111 113 114 115 116 118 119 121 122 123 124 125 127 129 130 131 132 133 134 136 137 138 139 140 141 143 144 145 146 147 148 149 150 152 153 154 156 159 160 161 162 163 164 165 167 168 169 170 171 172 173 174 175 176 177 178 180 183 185 186 187 188 190 191 193 194 195 196 198 199 200 201 202 204 205 206 207 208 209 210 212 213 214 215 216 217 218 219 220 222 224 225 226 227 228 229 230 232 233 234 235 236 237 238 239 241 242 244 245 246 247 248 249 250 251 253 254 256 257 258 259 262 263 264 265 266 271 272 273 277 278 279 280 281 282 283 284 285 286 288 289 291 292 295 296 297 298 299 300 301 302 304 305 306 307 309 310 311 313 314 315 316 320 322 323 324 325 326 327 329 330 331 333 334 335 337 338 340 342 343 344 345 346 347 348 349 350 352 353 354 355 356 358 359 362 365 367 368 369 370 371 372 373 374 375 376 377 378 380 381 382 384 385 386 387 388 389 390 391 392 393 394 395 396 397 398 399 401 402 403 404 405 407 408 409 410 411 412 413 414 416 418 419 421 422 423 425 426 427 428 429 430 431 432 433 437 438 439 440 441 442 443 444 445 446 447 448 449 450 451 452 453 454 455 456 457 458 461 462 463 464 465 467 468 469 470 471 473 474 475 476 477 479 480 481 482 483 487 488 489 490 491 492 493 494 495 496 498 499 500 501 502 503 504 505 506 507 508 509 510 511 512 513 514 517 519 520 521 522 523 524 525 526 529 530 532 533 534 535 536 537 538 539 540 541 542 543 544 545 546 547 549 553 554 555 557 558 559 560 561 562 564 565 566 567 568 569 570 571 572 573 574 576 577 578 580 582 584 585 586 587 588 589 591 592 593 594 595 596 597 598 600 601 603 604 605 607 608 610 611 612 615 616 617 618 619 621 622 623 624 626 627 629 630 633 634 635 636 637 638 640 641 642 643 644 645 646 647 648 650 651 652 653 655 656 657 659 660 661 662 663 664 666 667 668 669 670 671 672 673 674 675 677 678 679 680 681 682 683 684 685 686 687 688 689 690 691 692 693 694 695 696 697 699 700 702 703 705 706 707 708 709 710 712 714 715 717 718 719 720 721 722 724 725 727 728 729 731 732 733 734 736 737 739 740 741 742 743 745 747 748 749 750 752 753 754 756 758 759 761 762 763 765 766 767 770 772 773 776 777 780 782 784 785 786 787 788 789 790 792 793 795 796 797 798 799 800 801 802 804 805 807 808 810 811 812 813 814 817 818 819 820 822 823 824 825 826 827 828 829 830 831 833 834 835 836 837 838 839 840 842 843 845 846 847 848 849 850 851 852 855 857 859 863 864 865 866 867 869 870 871 873 874 875 876 878 879 880 881 882 883 884 885 886 887 888 889 890 891 892 894 897 900 901 902 903 905 906 908 909 911 917 918 920 921 923 924 926 928 930 931 934 935 936 937 939 940 941 942 943 945 946 948 949 950 951 953 955 956 957 958 959 960 961 962 963 964 966 967 968 970 971 972 973 974 975 977 979 980 981 982 983 985 986 988 990 991 992 993 995 996 999
142
1 3 8 11 12 20 27 51 60 63 73 85 88 93 94 95 124 132 136 146 149 153 160 168 169 174 183 202 203 204 205 224 226 234 242 245 249 265 267 273 295 298 300 304 317 319 321 323 330 338 348 359 390 396 400 407 410 420 434 435 452 456 467 472 477 482 486 493 502 521 537 546 556 561 569 582 583 590 591 593 599 602 605 617 633 640 650 653 662 666 673 683 686 698 706 708 720 731 735 737 741 742 767 789 812 816 819 820 823 837 838 839 841 862 863 866 872 874 878 881 895 898 900 904 913 914 929 931 941 943 952 969 970 972 973 976 980 984 985 986 990 998
264
1 3 8 11 12 19 20 27 38 51 54 60 63 69 72 73 74 79 85 86 88 90 93 94 95 102 114 124 128 132 133 136 146 147 149 153 154 156 160 168 169 174 181 183 187 191 193 196 197 200 201 202 203 204 205 215 220 221 222 224 226 234 241 242 245 249 263 267 273 279 295 296 298 300 304 315 317 319 320 321 322 323 327 330 332 338 339 345 348 355 359 361 363 367 379 382 390 396 400 407 409 410 420 424 426 434 435 448 452 456 464 467 468 472 473 476 477 482 484 486 493 502 511 521 532 534 537 538 539 546 556 561 562 564 568 569 582 583 590 591 593 597 599 601 602 604 605 612 614 617 625 630 633 640 650 653 659 660 662 665 666 668 673 679 683 684 686 689 696 698 705 706 708 711 716 720 722 726 728 730 731 733 735 737 741 742 750 762 767 779 785 786 789 794 803 805 812 813 816 819 820 823 837 838 839 841 844 845 850 851 853 854 859 862 863 866 868 872 874 878 881 890 892 895 896 898 900 904 906 909 913 914 917 919 925 927 929 931 932 933 934 939 941 943 945 952 953 958 960 964 967 969 970 972 973 976 980 984 985 986 989 990 993 998
149
3 4 13 14 19 28 29 32 36 39 47 54 57 62 63 74 78 80 90 96 98 106 110 114 115 117 120 127 132 137 139 150 153 175 189 207 222 230 232 238 248 252 257 262 269 272 278 282 285 304 319 330 332 338 340 345 346 354 364 367 371 373 375 380 383 386 396 411 418 422 426 429 438 443 446 450 465 480 483 490 504 506 516 517 521 529 543 544 557 560 562 575 578 579 583 595 603 619 623 631 643 647 656 657 659 664 693 697 714 726 729 731 737 741 745 746 748 751 757 761 778 780 781 789 800 809 818 821 828 835 851 852 854 855 860 864 867 871 874 881 893 905 917 936 950 958 960 978 980
689
2 3 4 5 6 9 10 12 13 14 15 18 19 22 27 28 29 31 32 33 34 35 36 38 39 40 41 42 44 45 46 47 48 53 54 55 56 57 60 62 63 64 65 66 67 69 71 72 73 74 75 76 78 80 81 83 88 90 92 93 94 95 96 97 98 99 100 102 103 104 105 106 108 109 110 112 113 114 115 117 119 120 121 122 124 125 126 127 128 130 131 132 133 136 137 138 139 140 142 143 145 146 147 150 151 152 153 154 155 157 160 161 162 164 165 166 167 171 173 174 175 176 177 181 182 183 184 185 187 188 189 191 192 193 196 197 198 206 207 209 210 213 214 216 220 222 224 227 229 230 231 232 234 235 237 238 239 242 243 246 247 248 252 257 259 262 263 264 265 267 269 270 272 274 275 277 278 279 280 281 282 284 285 286 287 288 289 290 291 292 293 294 295 296 298 300 301 304 305 306 308 309 310 311 313 314 315 316 318 319 321 324 325 327 328 329 330 332 333 334 336 337 338 339 340 341 342 344 345 346 349 350 351 353 354 355 356 357 358 359 360 361 362 363 364 366 367 369 370 371 373 375 376 377 378 380 381 382 383 384 385 386 387 389 391 393 394 396 397 398 400 402 403 404 405 406 407 408 409 411 412 413 415 416 418 419 421 422 424 425 426 428 429 430 431 432 435 437 438 439 440 441 443 444 446 447 448 449 450 453 454 455 456 458 459 462 465 468 469 471 472 476 478 479 480 481 482 483 486 489 490 493 494 495 496 501 503 504 505 506 507 508 509 510 512 513 514 515 516 517 518 519 520 521 525 527 529 530 531 535 536 537 538 539 540 542 543 544 545 546 547 548 549 550 551 553 555 556 557 558 559 560 561 562 563 566 568 569 570 571 573 575 576 577 578 579 580 583 584 585 589 590 591 592 593 594 595 596 597 599 600 603 606 610 612 613 614 616 617 618 619 620 621 622 623 624 625 627 628 629 630 631 632 635 636 637 639 642 643 646 647 653 654 655 656 657 658 659 661 662 663 664 666 667 669 670 671 672 673 674 675 676 677 679 680 681 682 684 685 686 688 689 691 692 693 695 696 697 698 699 700 703 709 710 712 713 714 717 718 720 721 722 723 725 726 727 728 729 731 733 734 735 736 737 740 741 743 745 746 748 749 751 752 753 754 755 757 759 760 761 762 763 765 767 769 770 772 773 774 775 776 777 778 779 780 781 782 783 784 785 786 787 789 790 791 794 796 797 798 799 800 802 803 805 807 809 812 813 816 817 818 819 820 821 822 823 825 827 828 829 831 832 833 835 836 838 840 841 842 843 844 845 848 849 851 852 854 855 856 857 858 859 860 862 864 865 866 867 868 870 871 872 874 875 876 877 878 880 881 882 883 884 885 887 888 892 893 895 896 897 898 899 900 901 902 904 905 907 908 909 911 912 913 914 915 916 917 919 920 921 922 923 924 925 926 928 930 931 933 934 935 936 939 940 943 946 948 949 950 951 952 953 954 955 956 958 960 961 964 965 968 969 971 972 976 978 980 981 985 986 988 989 991 992 993 995 996 998 999
84
4 6 10 12 14 15 20 25 26 33 35 51 77 85 124 137 147 161 168 169 194 200 209 211 238 242 248 249 250 254 257 278 280 281 285 300 320 350 370 373 382 384 419 438 476 509 512 514 521 530 546 556 560 574 582 618 630 633 634 652 656 664 678 697 712 741 769 778 802 818 826 835 845 857 858 860 895 896 899 931 937 946 964 967
894
0 1 2 4 5 6 7 8 9 10 11 12 13 14 15 16 17 18 19 20 21 22 24 25 26 27 28 29 30 31 32 33 34 35 36 37 38 39 40 41 44 45 46 47 48 49 50 51 52 53 54 56 57 58 59 60 61 62 63 64 66 67 68 69 70 71 72 73 76 77 78 79 80 81 82 83 84 85 86 87 88 89 90 91 92 93 94 95 96 97 98 99 100 101 102 103 104 105 106 107 109 110 112 113 114 115 116 117 118 119 120 121 122 123 124 125 126 127 128 129 130 132 133 134 135 136 137 138 139 140 141 142 144 145 147 148 149 150 151 152 153 154 155 156 157 158 159 160 161 162 163 164 165 166 167 168 169 170 171 172 174 175 176 177 178 182 183 184 185 186 187 188 189 190 191 192 193 194 195 196 197 198 199 200 201 202 204 205 206 207 208 209 211 212 213 214 215 216 217 218 219 220 221 222 223 224 226 227 228 229 231 232 233 234 235 236 237 238 239 240 241 242 243 244 245 246 247 248 249 250 251 253 254 255 256 257 258 259 260 261 264 265 266 267 268 269 270 272 273 274 275 276 277 278 279 280 281 282 283 284 285 287 288 290 291 293 295 296 297 299 300 301 303 304 305 306 307 308 309 310 311 312 313 314 315 316 317 319 320 321 322 324 325 326 327 328 329 330 331 332 333 334 335 336 337 339 340 341 342 343 344 345 346 347 348 349 350 351 352 353 354 355 356 358 359 360 361 362 365 366 367 369 370 371 372 373 374 376 378 379 380 381 382 383 384 385 386 387 388 389 390 391 392 393 394 396 397 398 399 401 402 403 404 405 406 407 408 409 411 412 413 414 415 416 417 418 419 420 421 422 423 424 425 426 427 428 429 430 431 432 434 436 437 438 439 440 441 442 443 444 445 447 448 449 450 451 453 454 455 456 457 458 459 460 461 462 463 464 465 466 467 468 469 470 472 473 475 476 477 478 479 480 481 482 483 484 485 486 487 488 490 491 492 493 494 495 496 497 498 499 500 501 502 503 505 506 507 508 509 510 511 512 513 514 515 516 517 518 519 520 521 522 523 524 525 526 529 530 532 533 534 535 536 537 538 539 540 541 542 543 544 545 546 547 548 549 550 551 552 553 554 555 556 557 558 559 560 562 563 564 565 567 568 569 570 571 573 574 575 576 577 578 579 580 581 582 583 584 585 587 588 589 590 591 592 593 594 595 596 597 598 599 600 601 602 603 604 605 606 607 608 609 610 611 613 614 615 616 617 618 619 620 621 622 623 625 626 627 628 629 630 632 633 634 635 637 638 639 640 641 642 643 644 645 646 647 648 649 650 651 652 653 654 655 656 657 658 659 660 661 662 663 664 665 667 668 669 670 671 674 675 676 677 678 681 682 683 685 686 688 689 690 691 692 693 695 696 697 698 699 700 702 703 704 705 706 707 709 710 711 712 713 714 716 717 719 720 721 723 724 725 726 727 728 729 731 734 736 737 738 739 740 741 742 745 746 747 748 749 750 751 752 753 754 756 757 758 759 760 761 762 763 764 765 766 767 768 769 770 773 774 775 776 777 778 779 780 781 782 783 784 786 787 788 791 792 793 794 795 796 797 798 799 800 801 802 803 804 805 806 807 808 809 810 811 812 813 814 815 816 817 818 819 820 821 822 823 824 825 826 827 828 829 832 833 834 835 836 837 838 839 840 841 842 843 844 845 846 847 849 850 852 853 855 856 857 858 859 860 861 862 864 865 866 867 868 869 870 871 872 873 874 875 876 878 879 880 881 882 883 884 885 886 887 888 889 890 891 892 893 894 895 896 897 898 899 900 901 902 904 906 907 908 909 910 911 912 913 915 916 917 918 919 920 921 922 923 924 925 926 927 928 929 930 931 932 933 934 935 936 937 938 939 940 941 942 943 944 945 946 947 948 949 950 952 953 957 959 960 961 962 963 964 965 966 967 968 969 970 971 972 973 975 976 977 978 979 980 981 982 983 985 986 987 988 989 991 992 994 995 996 997 998 999
34
22 42 48 53 59 101 135 164 212 223 298 344 375 434 458 459 464 486 521 542 660 671 686 698 699 702 761 763 764 766 780 830 946 953
125
4 9 14 16 17 42 43 48 53 59 61 66 67 68 94 96 98 101 103 106 110 122 135 136 137 153 155 159 161 164 178 179 185 188 200 204 207 212 218 219 220 223 224 232 233 236 244 246 248 262 276 298 310 314 330 344 375 389 420 426 427 434 452 456 458 459 464 486 506 510 521 525 542 556 561 563 570 586 594 603 604 641 642 651 660 671 686 698 699 702 707 711 726 728 734 741 745 761 763 764 766 780 782 783 784 787 795 804 817 829 830 847 876 878 880 930 942 946 953 971 973 990 995 996 998
55
0 7 42 45 63 69 129 131 165 205 214 233 257 315 318 346 383 414 426 448 458 469 473 475 486 512 521 559 595 598 607 608 636 637 658 689 707 708 740 748 750 754 764 783 824 832 858 932 939 955 957 970 976 977 983
145
0 4 7 12 23 28 34 36 38 42 45 49 61 63 69 71 100 115 118 126 129 131 146 156 158 160 162 165 185 193 203 205 212 214 233 236 240 242 257 274 278 282 286 296 307 310 313 315 318 346 354 361 383 394 397 413 414 420 426 439 442 448 458 469 473 475 486 498 501 509 512 521 540 559 564 569 583 589 595 598 601 607 608 612 636 637 639 653 658 689 700 707 708 711 715 723 738 739 740 748 750 754 764 771 773 783 786 794 798 802 805 807 809 813 814 824 832 842 847 856 858 894 895 897 898 915 932 934 937 939 952 955 956 957 958 962 963 970 973 975 976 977 978 983 994