19
505
0 1 2 3 4 5 8 10 11 12 16 17 18 19 22 23 26 28 29 34 35 37 38 41 43 44 47 48 49 52 55 56 57 58 61 62 63 65 70 72 73 74 75 78 80 84 87 91 92 94 96 97 99 101 104 105 106 107 108 109 110 112 114 116 118 119 120 122 125 126 127 128 129 130 134 135 137 138 143 144 145 146 148 153 158 159 160 164 165 167 182 185 186 190 191 192 194 196 198 199 204 205 206 208 209 212 213 214 216 217 218 221 223 225 227 236 237 240 241 242 243 244 245 253 255 259 260 262 264 265 266 267 271 272 273 279 281 283 284 285 286 287 288 289 292 295 296 297 300 301 303 305 307 308 313 317 323 324 326 330 331 333 334 335 336 340 342 344 346 349 350 352 353 355 356 357 360 361 363 365 367 368 369 370 371 372 375 380 385 388 390 391 397 398 399 401 402 403 405 407 408 409 410 411 412 415 418 420 421 424 425 426 428 429 432 433 434 437 441 444 445 446 448 452 453 456 458 462 463 464 470 472 473 475 477 479 481 482 483 484 486 488 490 492 494 495 498 499 500 501 503 506 508 510 513 516 517 520 524 525 526 527 530 531 535 537 538 539 540 542 544 545 546 547 552 554 556 558 562 563 564 566 567 569 572 573 574 579 582 583 585 592 593 594 595 598 599 600 601 603 606 607 609 610 611 613 614 615 617 618 620 623 624 625 626 627 630 633 634 639 641 643 644 646 647 652 656 658 660 662 663 664 666 669 671 672 673 676 677 678 679 680 683 686 688 690 692 695 696 697 700 702 704 706 711 713 714 716 717 718 722 723 726 727 728 731 732 734 735 737 738 739 740 742 743 745 746 747 748 749 751 753 754 755 756 757 758 760 761 763 765 769 770 772 773 777 778 779 780 781 782 783 786 787 791 792 793 794 797 799 805 806 809 810 811 817 818 819 822 823 826 836 837 838 839 840 841 842 844 847 848 850 851 854 857 858 860 861 865 866 868 870 873 874 875 876 879 882 883 884 890 893 897 899 901 902 903 909 910 912 913 914 917 919 922 923 925 928 929 930 935 937 941 943 944 945 947 951 952 955 956 957 958 960 961 966 967 968 969 970 971 975 976 977 978 980 982 983 987 989 990 991 992 993 994
570
0 1 2 3 4 5 7 8 9 10 11 12 16 17 18 19 22 23 25 26 28 29 34 35 37 38 41 43 44 47 48 49 52 55 56 57 58 61 62 63 65 70 72 73 74 75 78 80 84 87 90 91 92 94 95 96 97 99 101 104 105 106 107 108 109 110 112 114 116 117 118 119 120 122 125 126 127 128 129 130 132 134 135 137 138 141 142 143 144 145 146 148 153 158 159 160 163 164 165 166 167 173 182 185 186 188 189 190 191 192 194 196 198 199 204 205 206 208 209 212 213 214 216 217 218 221 223 225 227 229 233 236 237 238 240 241 242 243 244 245 246 247 253 254 255 259 260 262 264 265 266 267 270 271 272 273 274 275 277 278 279 281 283 284 285 286 287 288 289 292 295 296 297 300 301 303 305 307 308 313 314 317 323 324 325 326 330 331 333 334 335 336 340 342 344 346 349 350 352 353 355 356 357 360 361 363 365 366 367 368 369 370 371 372 375 380 381 384 385 388 389 390 391 397 398 399 401 402 403 405 407 408 409 410 411 412 415 418 420 421 424 425 426 428 429 430 432 433 434 437 441 444 445 446 448 452 453 456 458 462 463 464 465 470 472 473 475 477 479 481 482 483 484 486 488 490 492 494 495 498 499 500 501 503 506 508 510 513 516 517 519 520 521 524 525 526 527 528 530 531 535 537 538 539 540 542 543 544 545 546 547 552 554 556 558 562 563 564 566 567 569 572 573 574 575 576 579 582 583 585 586 589 592 593 594 595 598 599 600 601 603 606 607 609 610 611 613 614 615 616 617 618 620 623 624 625 626 627 630 632 633 634 636 639 641 643 644 645 646 647 652 656 658 659 660 662 663 664 666 667 669 671 672 673 676 677 678 679 680 683 686 688 690 692 695 696 697 699 700 702 703 704 706 711 713 714 715 716 717 718 722 723 724 726 727 728 731 732 733 734 735 737 738 739 740 742 743 745 746 747 748 749 751 753 754 755 756 757 758 760 761 762 763 765 767 769 770 772 773 777 778 779 780 781 782 783 786 787 791 792 793 794 797 799 805 806 809 810 811 817 818 819 822 823 824 826 836 837 838 839 840 841 842 844 847 848 850 851 854 856 857 858 860 861 862 864 865 866 868 870 873 874 875 876 879 882 883 884 891 893 896 897 899 901 902 903 909 910 912 913 914 917 919 920 922 923 925 927 928 929 930 935 937 939 941 943 944 945 947 951 952 955 956 957 958 960 961 963 966 967 968 969 970 971 975 976 977 978 980 982 983 985 987 988 989 990 991 992 993 994
145
4 5 9 10 13 18 21 33 40 46 60 61 72 76 79 88 92 95 99 144 145 180 181 183 196 200 201 227 230 241 251 257 269 271 285 287 293 294 315 323 326 337 340 354 356 359 365 367 376 380 382 390 392 393 397 412 422 423 432 439 448 450 461 467 471 474 480 488 507 509 513 525 526 533 534 547 553 554 562 567 569 597 601 613 623 626 639 648 651 653 661 668 679 680 682 688 710 711 712 727 731 733 736 741 742 748 751 752 754 756 764 774 778 783 784 789 794 795 796 798 804 814 828 842 846 871 876 877 883 889 897 898 919 920 921 931 937 943 951 965 967 974 976 984 992
153
4 5 9 10 13 18 21 33 40 46 60 61 72 76 79 88 92 95 99 107 144 145 180 181 183 196 200 201 215 227 230 241 242 251 257 258 269 271 285 287 293 294 315 323 326 337 340 354 356 359 365 367 376 380 382 390 392 393 397 412 422 423 432 439 448 450 461 467 471 474 480 488 507 509 513 525 526 533 534 547 553 554 562 567 569 574 597 601 613 623 626 639 648 651 653 661 668 679 680 682 688 710 711 712 727 731 733 736 741 742 748 751 752 754 756 764 774 778 783 784 789 794 795 796 798 804 814 820 828 842 846 871 876 877 883 889 897 898 902 919 920 921 931 937 943 951 965 967 974 976 980 984 992
453
3 11 14 17 19 22 23 25 34 35 43 45 47 50 56 59 63 65 67 68 70 75 77 79 80 83 84 86 87 88 89 91 94 96 98 99 101 103 109 114 115 117 121 122 123 127 128 132 136 137 141 142 144 145 149 151 152 155 156 159 160 161 163 164 165 169 174 178 180 181 183 185 186 187 190 192 193 197 198 199 200 201 203 205 207 212 214 215 217 221 222 224 226 228 230 231 235 236 237 238 240 245 246 247 248 250 251 256 257 258 261 266 270 273 274 276 278 281 283 285 287 288 289 293 295 296 301 302 303 307 308 309 311 312 313 314 316 317 318 319 320 322 323 324 325 326 329 330 331 333 335 337 339 342 345 346 347 348 349 353 354 355 356 359 360 361 363 366 368 370 371 373 379 381 384 388 389 392 393 395 397 400 401 406 408 410 411 412 413 414 416 420 421 422 424 425 427 428 431 433 436 437 438 439 440 441 442 443 449 453 465 466 468 469 471 473 479 480 482 483 486 487 490 495 496 500 505 512 514 516 518 519 523 524 525 527 530 536 537 540 545 548 550 551 555 560 561 562 563 568 571 572 576 578 580 581 582 583 588 590 591 594 596 597 599 601 604 606 607 608 610 611 613 614 617 619 622 626 627 629 631 632 636 637 640 641 643 644 645 647 648 651 652 653 656 659 660 664 665 666 668 671 672 674 677 678 679 680 681 683 684 690 691 692 693 695 698 699 701 702 703 708 710 715 718 720 722 723 724 727 728 729 730 731 732 733 735 736 741 742 745 748 749 751 753 754 757 758 763 772 775 777 778 782 786 788 790 791 793 794 795 796 798 801 803 807 809 813 820 824 827 828 829 830 835 836 837 839 842 843 845 847 851 852 858 859 861 864 869 870 871 878 880 885 888 890 891 892 893 894 898 899 900 904 911 913 915 916 918 919 920 922 924 926 927 929 930 931 932 935 937 938 944 946 948 949 951 953 954 960 961 962 963 966 969 970 976 977 978 979 980 983 984 986 987 988 989 992 994 995 996 997 998
715
0 2 3 4 10 11 13 14 17 19 22 23 25 26 27 29 32 33 34 35 36 37 38 41 42 43 45 46 47 49 50 51 54 56 57 58 59 61 63 65 66 67 68 69 70 71 73 75 76 77 78 79 80 81 83 84 85 86 87 88 89 91 94 96 98 99 100 101 102 103 107 108 109 110 112 113 114 115 116 117 121 122 123 126 127 128 131 132 135 136 137 138 142 144 145 149 151 152 155 156 157 158 159 160 161 163 164 165 168 169 174 175 177 178 180 181 183 184 185 186 187 188 189 190 191 192 193 194 196 197 198 199 200 201 203 204 205 207 209 210 211 212 214 215 217 219 221 222 223 224 225 226 228 229 230 231 233 235 236 237 238 240 242 244 245 246 247 248 250 251 253 254 255 256 257 258 259 261 265 266 270 271 272 273 274 276 278 279 281 282 283 284 285 287 288 289 290 292 293 294 295 296 298 299 300 301 302 303 304 305 306 307 308 309 310 311 312 313 314 316 317 318 319 320 321 322 323 324 325 326 327 328 329 330 331 332 333 334 335 337 338 339 341 342 343 345 346 347 348 349 351 352 353 354 355 356 358 359 360 361 362 363 364 366 367 368 370 371 372 373 374 376 377 379 381 382 384 385 387 388 389 392 393 395 397 399 400 401 404 405 406 408 409 410 411 412 413 414 416 417 420 421 422 423 424 425 426 427 428 429 431 433 434 436 437 438 439 440 441 442 443 445 446 448 449 451 453 455 457 458 460 463 465 466 468 469 471 472 473 474 475 476 479 480 482 483 484 486 487 488 489 490 491 494 495 496 497 498 499 500 502 503 504 505 506 508 510 511 512 514 515 516 517 518 519 521 523 524 525 526 527 529 530 531 534 536 537 538 539 540 542 545 546 547 548 549 550 551 555 556 557 559 560 561 562 563 564 567 568 569 570 571 572 573 576 578 579 580 581 582 583 585 588 590 591 592 594 596 597 599 601 602 604 605 606 607 608 610 611 612 613 614 616 617 619 622 625 626 627 628 629 630 631 632 634 635 636 637 638 640 641 643 644 645 647 648 651 652 653 656 659 660 661 663 664 665 666 667 668 671 672 674 675 677 678 679 680 681 683 684 686 687 690 691 692 693 695 696 698 699 700 701 702 703 705 706 708 709 710 713 715 716 717 718 719 720 721 722 723 724 726 727 728 729 730 731 732 733 734 735 736 739 741 742 744 745 747 748 749 750 751 753 754 755 757 758 762 763 764 766 767 770 771 772 773 775 776 777 778 779 781 782 784 786 787 788 790 791 792 793 794 795 796 797 798 800 801 803 804 807 809 812 813 815 817 818 819 820 822 824 826 827 828 829 830 831 834 835 836 837 839 842 843 845 847 850 851 852 853 855 857 858 859 861 863 864 869 870 871 872 875 876 878 879 880 882 883 884 885 888 889 890 891 892 893 894 895 897 898 899 900 901 904 905 908 910 911 913 914 915 916 917 918 919 920 921 922 924 925 926 927 928 929 930 931 932 933 935 937 938 942 943 944 945 946 947 948 949 950 951 952 953 954 955 958 960 961 962 963 965 966 969 970 972 974 975 976 977 978 979 980 981 983 984 986 987 988 989 992 993 994 995 996 997 998
253
0 3 8 10 11 12 14 15 19 24 27 29 32 35 38 41 52 60 62 64 65 67 76 78 79 82 83 86 90 102 105 107 112 115 116 120 122 124 137 138 142 144 156 160 163 169 171 174 176 178 184 190 192 200 201 207 209 210 211 220 227 232 233 234 238 241 251 253 265 267 268 269 273 274 285 293 301 308 323 328 329 330 333 334 335 338 342 343 345 347 349 351 356 357 362 363 364 372 373 384 387 390 393 396 410 415 420 428 433 450 464 467 469 475 476 478 492 495 498 502 506 509 518 519 522 530 531 535 543 544 545 549 551 552 553 555 562 565 566 574 579 580 589 590 594 598 599 602 604 609 614 617 618 620 621 622 634 637 640 642 648 649 655 656 662 663 666 667 674 676 677 680 705 706 707 712 719 720 731 732 736 741 756 757 758 760 761 770 776 779 781 785 787 806 808 809 810 811 812 815 816 817 819 823 834 835 837 838 842 844 854 857 858 862 863 865 866 868 871 872 875 876 877 880 883 884 886 893 900 905 913 922 923 926 929 933 934 940 941 943 945 948 953 960 965 967 970 974 985 993 994 995 997
436
0 2 3 8 10 11 12 14 15 16 17 19 20 24 27 29 32 35 38 41 46 48 52 53 60 61 62 64 65 67 69 70 72 73 74 75 76 78 79 80 82 83 86 87 90 97 98 100 102 105 107 111 112 113 115 116 120 121 122 124 126 130 134 136 137 138 142 144 147 149 156 157 160 162 163 168 169 171 172 174 176 177 178 180 184 190 192 194 196 198 200 201 202 204 205 207 208 209 210 211 212 220 221 227 231 232 233 234 238 241 248 249 250 251 253 256 260 263 265 266 267 268 269 273 274 279 282 283 285 293 296 298 300 301 304 306 308 310 320 322 323 325 328 329 330 333 334 335 338 342 343 345 347 349 350 351 355 356 357 362 363 364 368 371 372 373 377 384 385 387 388 389 390 392 393 396 399 400 402 404 410 414 415 420 421 424 428 433 437 440 450 453 460 462 463 464 465 466 467 469 471 472 473 475 476 478 479 481 491 492 495 496 498 501 502 506 509 515 518 519 522 529 530 531 532 533 535 537 541 543 544 545 547 549 551 552 553 555 562 565 566 568 574 577 579 580 583 587 589 590 591 594 596 598 599 602 603 604 609 614 617 618 620 621 622 627 634 637 638 640 641 642 643 647 648 649 651 654 655 656 661 662 663 664 665 666 667 673 674 676 677 679 680 688 691 696 697 698 699 702 703 705 706 707 709 712 713 718 719 720 722 723 731 732 736 741 744 745 746 747 748 756 757 758 760 761 765 766 768 770 774 775 776 778 779 781 783 785 787 797 805 806 808 809 810 811 812 813 815 816 817 819 821 823 825 831 834 835 837 838 841 842 844 846 847 848 849 853 854 855 857 858 860 861 862 863 865 866 867 868 871 872 874 875 876 877 880 883 884 886 887 893 898 900 905 906 913 919 922 923 925 926 928 929 933 934 940 941 943 945 948 949 951 953 954 955 957 960 963 964 965 966 967 968 970 974 975 976 981 983 985 993 994 995 997 999
180
8 19 27 43 48 49 55 63 68 71 72 79 82 85 90 94 98 99 103 109 110 127 128 146 160 169 177 181 187 194 196 204 206 210 221 232 233 240 241 254 255 256 259 265 275 280 294 299 302 308 312 315 317 330 331 333 335 342 345 355 369 370 371 376 387 391 398 399 401 406 407 410 415 419 426 432 434 437 439 444 453 455 458 464 474 490 492 494 495 507 512 514 521 522 526 527 531 535 536 538 556 571 576 577 578 579 580 585 592 593 596 597 601 606 609 614 615 618 622 629 630 639 651 676 677 680 685 695 698 699 700 707 716 718 721 736 740 745 767 771 775 780 789 796 801 804 806 820 824 825 832 833 839 840 841 842 852 853 860 873 885 891 895 901 905 911 919 920 927 929 934 939 940 948 960 964 970 990 997 999
728
0 1 2 3 4 7 8 10 11 12 14 17 18 19 21 22 23 25 26 27 29 30 31 32 33 34 35 36 37 40 42 43 44 45 47 48 49 50 51 52 54 55 56 57 59 60 61 62 63 64 65 68 69 70 71 72 73 74 76 77 79 80 81 82 83 85 86 88 89 90 91 93 94 95 97 98 99 100 102 103 106 107 109 110 111 112 116 118 120 122 123 124 125 127 128 129 130 131 132 133 134 137 138 139 140 141 142 145 146 151 153 156 158 160 161 162 163 164 165 166 167 169 170 171 172 173 174 175 176 177 178 179 180 181 182 183 184 186 187 188 190 191 192 194 195 196 198 199 201 203 204 206 207 208 209 210 212 213 214 215 216 218 219 221 222 223 224 226 228 229 230 231 232 233 235 236 237 238 239 240 241 243 244 245 248 249 250 251 252 253 254 255 256 258 259 260 261 262 264 265 266 267 270 271 272 273 275 276 277 278 279 280 281 282 284 286 287 288 290 291 292 294 297 298 299 300 301 302 303 304 305 307 308 309 310 311 312 313 314 315 317 319 321 322 323 325 326 327 328 329 330 331 332 333 334 335 336 337 340 341 342 343 345 347 348 349 351 352 354 355 356 357 358 359 361 363 364 365 368 369 370 371 372 373 375 376 378 379 380 381 382 383 386 387 388 389 390 391 397 398 399 400 401 402 403 405 406 407 409 410 411 415 416 417 419 421 422 424 426 430 431 432 433 434 435 436 437 438 439 440 441 442 443 444 445 446 447 448 450 452 453 454 455 456 457 458 459 460 461 462 463 464 466 470 474 476 478 479 480 481 482 483 484 485 486 488 489 490 491 492 493 494 495 496 497 498 499 500 501 502 504 507 508 509 510 511 512 513 514 515 518 519 521 522 523 524 525 526 527 529 531 533 534 535 536 537 538 539 541 542 544 545 547 550 551 552 553 554 555 556 558 560 561 562 563 564 565 567 568 569 571 572 573 575 576 577 578 579 580 581 582 583 584 585 586 590 592 593 594 596 597 598 600 601 602 604 606 607 609 610 611 612 613 614 615 616 618 619 620 622 623 624 625 626 629 630 631 633 634 635 636 638 639 641 642 644 645 648 649 650 651 652 653 654 655 657 658 659 660 663 666 668 669 670 671 675 676 677 678 679 680 681 682 683 685 686 688 689 690 693 694 695 696 697 698 700 704 707 709 710 711 712 713 714 715 716 717 718 719 721 722 724 725 726 728 729 735 736 738 739 740 741 742 743 745 748 749 750 752 753 754 755 756 758 761 764 767 769 771 773 774 775 776 777 779 780 782 783 784 785 786 788 789 791 792 793 794 796 797 798 799 801 804 806 810 811 812 813 816 817 818 819 820 822 824 825 827 829 830 832 833 835 836 837 838 839 840 841 842 843 844 845 846 849 850 851 852 853 855 856 857 859 860 861 862 864 869 871 873 874 877 879 883 884 885 887 888 889 891 892 893 894 895 897 898 901 902 903 904 905 906 908 909 911 913 914 917 918 919 920 921 922 923 924 925 926 927 928 929 931 932 934 935 937 938 939 940 941 942 943 944 945 947 948 949 951 952 953 955 957 958 959 960 961 962 964 965 967 968 970 971 972 973 974 975 978 979 980 983 984 985 986 988 990 991 996 997 999
233
4 8 16 20 29 44 47 55 56 75 82 83 89 90 95 99 101 107 108 110 115 116 117 118 120 132 134 140 141 144 145 148 149 155 157 183 185 189 193 197 198 200 202 204 207 222 225 228 230 233 240 244 245 249 256 257 259 261 264 268 269 270 271 276 284 285 289 290 293 294 298 299 307 311 312 318 324 328 334 338 345 351 360 366 371 380 384 389 393 394 403 413 415 416 417 419 425 432 436 442 445 447 454 457 460 472 474 480 488 491 495 496 497 501 510 511 513 519 530 534 535 538 539 544 549 550 551 556 559 560 562 567 572 573 577 580 595 598 606 607 608 611 614 615 618 620 621 625 626 631 636 638 648 649 652 670 677 681 683 685 691 698 708 709 715 717 721 722 727 738 739 740 741 749 750 755 756 757 764 765 766 773 774 777 779 784 785 786 787 789 790 791 796 804 812 813 815 820 827 845 848 855 864 871 881 895 899 900 903 906 911 919 932 936 944 950 960 962 964 966 969 971 974 975 977 978 979 982 985 989 993 996 998
341
4 8 9 10 16 20 26 29 33 39 41 44 47 55 56 75 82 83 89 90 91 95 97 99 101 107 108 110 115 116 117 118 120 124 128 132 134 135 140 141 144 145 148 149 155 157 158 160 164 169 170 174 175 177 182 183 185 189 193 197 198 200 202 204 205 207 213 221 222 225 228 230 233 240 244 245 247 249 250 251 253 256 257 258 259 261 264 268 269 270 271 276 284 285 289 290 293 294 298 299 307 311 312 316 318 320 324 326 328 331 334 338 340 341 345 349 351 355 360 361 364 366 371 373 380 382 383 384 389 390 393 394 395 398 402 403 404 405 408 413 415 416 417 419 425 431 432 434 436 441 442 445 447 454 456 457 460 467 469 471 472 474 480 488 491 493 495 496 497 501 504 505 510 511 512 513 514 516 518 519 528 530 534 535 536 538 539 541 544 548 549 550 551 556 559 560 562 567 572 573 577 580 587 588 590 595 598 600 606 607 608 611 614 615 618 620 621 624 625 626 631 633 636 638 640 648 649 652 653 654 666 670 673 677 680 681 683 685 686 689 691 692 697 698 707 708 709 710 715 717 718 721 722 727 733 738 739 740 741 747 749 750 755 756 757 763 764 765 766 769 772 773 774 777 779 784 785 786 787 788 789 790 791 795 796 801 804 809 812 813 815 820 827 845 848 851 853 855 858 861 864 865 871 881 882 890 895 899 900 903 906 911 913 919 928 932 936 942 944 945 947 950 960 962 964 966 969 971 974 975 977 978 979 982 984 985 988 989 993 996 998
587
0 1 2 3 4 6 10 11 12 14 16 17 19 20 21 24 25 27 28 30 31 32 33 34 35 37 40 44 45 47 49 50 51 53 56 57 59 60 62 63 64 65 66 67 68 69 70 72 73 77 80 81 82 83 86 88 91 92 93 94 96 98 99 101 102 104 107 108 110 111 112 114 117 118 119 120 121 122 123 124 125 126 127 128 131 133 134 135 136 139 140 142 143 144 147 149 151 153 155 156 158 159 160 161 162 163 164 165 168 170 174 177 179 184 186 187 190 195 197 200 203 204 205 208 211 212 213 214 215 216 217 220 222 223 224 226 227 228 230 231 232 233 234 235 236 237 238 241 242 243 245 246 247 249 250 251 253 255 256 258 259 260 261 265 266 267 268 269 274 275 276 277 285 287 293 294 295 296 297 301 303 304 305 306 307 308 309 310 314 315 318 320 321 322 324 325 326 327 329 330 332 333 334 335 339 340 342 344 347 349 350 351 352 353 354 356 357 358 360 361 365 368 370 371 372 373 374 376 377 378 379 380 382 385 386 388 389 392 393 394 395 396 397 398 402 405 406 408 409 411 412 413 415 416 417 418 423 425 428 429 430 432 433 434 435 436 437 439 441 443 444 448 452 453 454 457 458 462 463 469 470 472 475 476 478 481 482 486 487 488 490 492 493 495 496 499 502 505 507 509 510 511 513 515 517 518 519 521 523 524 528 531 534 535 537 539 540 543 544 545 547 548 549 553 557 561 562 563 564 567 568 569 571 573 574 576 577 578 579 580 581 582 583 584 585 587 589 590 591 592 593 594 598 600 601 602 605 608 619 620 621 623 625 627 628 629 630 632 634 637 638 641 643 646 649 650 651 652 654 655 656 658 659 660 663 664 667 668 669 671 675 678 680 681 682 684 685 686 687 688 692 693 696 697 698 700 701 703 704 705 706 707 708 710 711 716 718 719 720 722 723 725 726 728 729 730 731 733 735 736 737 740 741 743 744 745 746 747 751 752 755 761 764 765 766 767 769 770 771 772 773 774 776 777 778 779 780 781 782 783 784 786 787 788 790 793 794 795 797 798 800 803 804 805 807 808 809 811 814 816 817 818 821 822 824 825 827 831 834 835 836 837 838 840 841 843 845 846 850 851 853 856 858 859 862 866 867 869 870 871 872 873 875 876 877 878 880 882 884 885 886 888 890 891 895 896 897 898 899 901 903 904 905 908 911 912 913 914 915 917 921 922 923 924 927 928 931 932 933 934 935 936 937 940 941 944 948 949 950 951 953 954 956 958 959 961 962 964 966 967 968 969 970 971 972 975 977 978 979 981 983 984 990 992 996 997 998
773
0 1 2 3 4 6 10 11 12 14 15 16 17 19 20 21 23 24 25 27 28 30 31 32 33 34 35 37 38 39 40 42 44 45 46 47 49 50 51 52 53 56 57 59 60 62 63 64 65 66 67 68 69 70 72 73 77 80 81 82 83 84 85 86 88 90 91 92 93 94 96 97 98 99 101 102 104 107 108 110 111 112 114 115 117 118 119 120 121 122 123 124 125 126 127 128 129 130 131 132 133 134 135 136 139 140 142 143 144 145 146 147 149 150 151 152 153 155 156 157 158 159 160 161 162 163 164 165 166 168 169 170 172 173 174 175 177 178 179 180 182 183 184 186 187 190 191 192 194 195 196 197 199 200 201 203 204 205 208 211 212 213 214 215 216 217 218 220 222 223 224 226 227 228 229 230 231 232 233 234 235 236 237 238 240 241 242 243 245 246 247 249 250 251 252 253 255 256 257 258 259 260 261 262 265 266 267 268 269 270 274 275 276 277 279 280 282 285 287 291 293 294 295 296 297 301 303 304 305 306 307 308 309 310 312 314 315 318 320 321 322 324 325 326 327 329 330 332 333 334 335 336 339 340 342 343 344 347 348 349 350 351 352 353 354 355 356 357 358 360 361 363 364 365 366 368 369 370 371 372 373 374 376 377 378 379 380 381 382 383 384 385 386 388 389 390 391 392 393 394 395 396 397 398 400 402 403 405 406 407 408 409 411 412 413 414 415 416 417 418 423 425 428 429 430 432 433 434 435 436 437 438 439 441 442 443 444 447 448 449 451 452 453 454 455 456 457 458 460 462 463 464 465 466 467 468 469 470 472 473 474 475 476 477 478 479 481 482 485 486 487 488 490 492 493 494 495 496 497 498 499 500 501 502 505 507 509 510 511 512 513 515 516 517 518 519 521 523 524 525 528 529 530 531 532 533 534 535 536 537 539 540 541 542 543 544 545 546 547 548 549 551 552 553 555 557 558 560 561 562 563 564 567 568 569 571 572 573 574 575 576 577 578 579 580 581 582 583 584 585 587 588 589 590 591 592 593 594 595 597 598 600 601 602 604 605 606 608 610 611 612 614 615 618 619 620 621 622 623 625 627 628 629 630 631 632 633 634 636 637 638 639 640 641 642 643 646 649 650 651 652 654 655 656 658 659 660 662 663 664 666 667 668 669 671 673 674 675 678 680 681 682 684 685 686 687 688 689 690 692 693 696 697 698 699 700 701 702 703 704 705 706 707 708 710 711 712 715 716 717 718 719 720 721 722 723 725 726 727 728 729 730 731 733 735 736 737 738 740 741 743 744 745 746 747 748 751 752 755 756 757 759 760 761 762 764 765 766 767 768 769 770 771 772 773 774 776 777 778 779 780 781 782 783 784 786 787 788 790 792 793 794 795 797 798 800 801 802 803 804 805 807 808 809 810 811 813 814 815 816 817 818 819 821 822 823 824 825 827 828 831 832 834 835 836 837 838 840 841 843 844 845 846 850 851 852 853 854 855 856 857 858 859 860 861 862 863 865 866 867 869 870 871 872 873 874 875 876 877 878 879 880 882 884 885 886 887 888 890 891 892 893 894 895 896 897 898 899 900 901 902 903 904 905 906 907 908 909 911 912 913 914 915 917 919 920 921 922 923 924 927 928 931 932 933 934 935 936 937 940 941 942 944 946 947 948 949 950 951 953 954 956 958 959 961 962 964 966 967 968 969 970 971 972 973 975 976 977 978 979 981 982 983 984 985 989 990 992 994 995 996 997 998
427
1 2 4 5 8 11 12 15 17 18 19 20 21 22 24 25 27 30 34 35 36 38 39 40 41 42 44 47 48 57 59 62 63 69 73 75 76 77 78 80 81 85 87 90 93 95 97 100 101 102 103 106 107 116 117 119 121 125 126 128 130 135 138 141 142 145 146 148 151 152 153 154 155 156 158 159 161 162 170 171 176 177 178 181 182 185 187 194 195 197 198 199 201 202 206 211 213 217 218 220 222 225 227 228 229 235 237 244 246 247 249 252 253 256 258 262 264 266 268 271 273 277 278 279 281 287 288 291 298 301 302 304 305 306 307 308 309 312 317 320 322 324 328 329 330 334 335 337 338 339 340 341 343 344 345 346 347 349 351 355 357 358 359 362 363 369 372 375 377 378 379 380 381 387 389 391 393 396 397 398 400 401 402 404 407 409 412 413 414 415 420 426 428 431 434 436 438 440 443 446 448 456 458 461 467 468 469 470 471 475 477 478 480 483 485 489 490 491 492 510 512 517 518 519 521 523 524 525 526 528 529 531 536 540 541 544 549 551 552 554 560 561 564 568 571 572 573 577 578 584 587 592 593 595 596 597 599 602 603 604 607 617 619 627 629 630 631 633 634 635 636 637 638 640 642 644 646 648 650 653 656 657 663 664 665 666 667 669 670 672 676 680 681 687 688 694 695 699 700 701 702 704 707 708 710 714 721 728 730 732 742 746 747 748 752 753 755 758 759 760 762 765 766 767 769 770 775 777 779 782 783 787 788 790 792 793 794 795 798 799 802 806 807 808 809 810 813 814 816 817 824 825 829 833 835 837 840 842 843 845 848 849 851 853 857 858 863 865 866 867 868 871 872 873 875 876 878 879 882 884 885 887 888 889 896 897 902 907 908 913 917 921 922 924 925 927 931 932 933 934 937 939 943 944 950 951 959 961 962 964 965 968 969 970 974 975 977 978 979 980 981 982 983 988 990 995 997
654
1 2 4 5 6 8 9 11 12 15 17 18 19 20 21 22 24 25 26 27 30 31 32 33 34 35 36 38 39 40 41 42 44 47 48 50 51 53 56 57 58 59 62 63 69 72 73 74 75 76 77 78 80 81 82 84 85 87 88 90 91 93 94 95 97 100 101 102 103 104 106 107 108 109 111 112 116 117 118 119 121 122 125 126 128 130 133 135 136 138 140 141 142 143 145 146 147 148 151 152 153 154 155 156 157 158 159 160 161 162 164 165 167 168 169 170 171 174 176 177 178 180 181 182 183 184 185 186 187 189 190 191 193 194 195 196 197 198 199 200 201 202 205 206 208 211 213 214 217 218 219 220 222 225 227 228 229 230 235 237 239 240 241 244 245 246 247 248 249 251 252 253 254 255 256 258 260 261 262 264 265 266 268 271 273 275 277 278 279 280 281 286 287 288 289 291 293 295 296 297 298 300 301 302 303 304 305 306 307 308 309 312 315 317 320 322 323 324 327 328 329 330 334 335 336 337 338 339 340 341 342 343 344 345 346 347 349 351 355 356 357 358 359 360 362 363 366 367 369 371 372 373 375 377 378 379 380 381 383 386 387 388 389 391 393 396 397 398 400 401 402 404 406 407 409 412 413 414 415 418 420 421 424 426 428 429 430 431 434 436 438 440 443 445 446 448 449 450 454 455 456 458 461 462 464 465 466 467 468 469 470 471 474 475 476 477 478 480 483 484 485 489 490 491 492 493 494 495 499 500 503 506 510 511 512 516 517 518 519 520 521 523 524 525 526 527 528 529 531 535 536 537 539 540 541 544 548 549 551 552 554 555 557 558 559 560 561 564 565 567 568 569 570 571 572 573 575 577 578 579 580 582 584 585 587 591 592 593 595 596 597 599 600 602 603 604 605 607 608 609 614 615 617 619 622 623 627 629 630 631 633 634 635 636 637 638 640 641 642 643 644 646 648 650 653 654 656 657 662 663 664 665 666 667 669 670 672 673 676 678 679 680 681 683 686 687 688 690 692 694 695 698 699 700 701 702 703 704 707 708 710 712 714 717 718 719 721 727 728 729 730 731 732 734 735 737 740 742 745 746 747 748 749 752 753 755 756 758 759 760 761 762 763 765 766 767 769 770 775 777 778 779 781 782 783 784 785 786 787 788 790 791 792 793 794 795 797 798 799 802 804 805 806 807 808 809 810 811 812 813 814 816 817 821 822 824 825 827 828 829 830 833 835 837 839 840 841 842 843 845 848 849 850 851 853 854 855 856 857 858 860 861 863 865 866 867 868 870 871 872 873 874 875 876 878 879 880 881 882 883 884 885 887 888 889 896 897 899 900 902 903 905 906 907 908 909 913 917 918 921 922 923 924 925 926 927 928 930 931 932 933 934 936 937 938 939 943 944 945 946 947 949 950 951 952 953 954 958 959 961 962 964 965 968 969 970 974 975 977 978 979 980 981 982 983 985 987 988 989 990 994 995 997 999
197
6 20 27 32 38 42 43 48 51 68 69 76 78 87 90 94 95 108 109 116 118 119 121 131 132 143 146 152 154 164 165 172 187 192 199 210 211 214 217 218 220 222 224 230 241 243 248 257 263 265 270 274 275 278 289 294 303 311 317 323 332 336 339 348 363 368 371 376 379 381 388 394 395 402 410 411 412 418 422 423 427 428 436 454 460 461 464 475 484 487 499 500 505 531 533 535 537 539 540 547 556 563 566 585 595 598 604 606 611 617 619 626 645 652 654 656 661 667 670 672 675 676 679 681 682 686 705 706 712 718 724 726 730 740 743 747 748 749 756 759 762 769 771 775 778 779 790 791 795 799 800 801 802 804 805 819 821 823 826 827 830 831 836 837 856 859 860 868 869 870 874 875 878 882 884 887 888 890 899 906 914 921 923 927 932 949 953 959 963 967 972 973 977 980 981 982 990
537
0 4 5 6 7 9 10 11 12 13 14 16 20 22 27 28 29 30 31 32 34 37 38 40 41 42 43 46 48 50 51 54 56 57 58 59 68 69 71 73 76 77 78 79 80 82 84 87 88 90 91 92 93 94 95 96 104 108 109 111 115 116 117 118 119 120 121 123 129 131 132 133 134 135 138 141 143 146 152 154 158 159 162 164 165 166 167 170 172 173 175 176 179 181 185 187 192 196 198 199 201 206 207 210 211 212 213 214 216 217 218 220 221 222 224 225 226 228 230 236 237 240 241 242 243 248 251 252 253 254 255 257 259 261 262 263 265 266 270 272 274 275 276 278 280 281 282 283 289 290 292 294 295 300 301 302 303 304 306 307 308 309 310 311 313 315 316 317 319 320 321 322 323 324 325 327 329 330 331 332 336 338 339 345 347 348 349 350 352 354 356 357 359 361 362 363 364 365 366 367 368 371 372 374 376 377 379 381 384 386 388 394 395 396 398 399 400 401 402 404 405 410 411 412 414 416 418 419 420 421 422 423 424 426 427 428 430 431 433 434 436 437 440 443 448 450 451 454 455 459 460 461 463 464 465 468 470 473 475 476 477 482 483 484 485 487 488 490 491 495 496 499 500 501 504 505 507 508 510 513 514 520 522 523 524 527 528 531 533 535 536 537 539 540 544 545 547 548 555 556 560 563 564 565 566 569 570 572 574 575 579 580 581 585 586 587 588 589 593 595 596 598 599 602 604 606 608 610 611 615 617 619 621 622 624 625 626 633 634 638 641 642 644 645 648 649 651 652 653 654 656 658 661 662 666 667 668 669 670 672 675 676 679 681 682 683 686 689 690 691 692 693 696 700 703 704 705 706 707 709 712 718 724 726 727 730 735 737 739 740 743 746 747 748 749 752 756 758 759 760 761 762 763 765 766 768 769 771 775 777 778 779 780 782 783 786 788 790 791 792 794 795 796 798 799 800 801 802 803 804 805 807 812 815 817 818 819 821 823 824 826 827 830 831 833 836 837 839 840 841 844 846 847 849 851 852 855 856 857 859 860 862 864 865 866 868 869 870 871 873 874 875 877 878 882 883 884 885 886 887 888 889 890 894 895 898 899 900 902 903 904 906 913 914 917 918 920 921 923 924 925 926 927 929 932 934 939 941 942 943 948 949 953 955 956 958 959 963 965 967 971 972 973 974 977 979 980 981 982 983 986 990 991 992 993 994 995
74
3 13 30 49 71 74 104 117 121 144 179 187 188 193 196 200 212 227 261 283 284 319 320 325 352 353 375 399 420 430 432 436 441 444 447 457 477 514 530 541 549 551 578 579 590 593 596 597 611 655 669 689 697 698 741 742 757 762 811 817 820 823 846 849 857 860 886 900 903 927 933 944 945 983
930
0 1 2 3 4 5 6 7 8 9 10 11 12 13 14 15 16 17 18 19 20 21 22 23 24 25 26 28 29 30 31 32 33 34 35 36 37 39 40 41 42 43 44 45 46 47 48 49 51 53 54 55 56 57 58 59 60 61 62 63 64 65 66 68 69 70 71 72 73 74 75 77 78 79 80 81 82 83 84 85 86 88 89 90 91 92 93 94 95 97 98 99 100 101 102 103 104 105 106 107 108 109 112 113 114 115 116 117 118 119 120 121 122 123 124 125 126 127 128 129 131 132 133 134 136 137 138 139 140 141 142 143 144 145 146 147 148 151 152 153 154 155 156 157 158 159 160 161 162 163 164 166 167 168 169 170 172 173 174 176 177 178 179 180 181 182 183 184 185 186 187 188 189 190 191 192 193 194 195 196 197 198 199 200 201 202 203 204 205 206 207 209 210 211 212 213 214 215 216 217 218 219 221 222 224 225 226 227 228 229 230 231 232 233 234 236 237 238 239 240 241 242 243 244 245 246 248 249 250 251 252 253 254 255 256 257 258 259 260 261 262 263 264 265 267 268 269 270 271 272 273 274 275 276 277 280 281 282 283 284 285 286 287 288 289 290 291 292 293 294 295 296 297 298 299 300 301 302 303 304 305 306 307 309 310 312 313 314 315 316 317 318 319 320 322 323 325 326 327 328 329 330 331 332 333 334 335 337 338 339 340 341 342 343 345 346 347 348 349 350 351 352 353 354 356 357 358 360 361 362 363 364 365 366 367 368 369 370 371 372 373 374 375 376 377 378 379 380 381 382 383 384 386 387 388 389 390 391 392 393 394 395 396 397 398 399 400 401 402 403 405 406 407 408 409 410 412 413 414 415 416 417 418 419 420 421 422 423 424 425 426 427 428 430 431 432 433 434 435 436 438 439 440 441 442 443 444 445 446 447 448 449 450 451 453 454 455 456 457 458 459 461 462 463 464 465 466 467 468 469 470 471 472 474 475 476 477 478 479 480 481 482 483 484 485 486 487 488 489 490 491 492 493 494 495 496 497 498 499 500 501 502 503 504 505 506 507 508 509 510 511 512 513 514 516 517 519 520 521 522 523 525 526 527 528 529 530 531 532 533 534 535 537 538 539 540 541 542 543 544 545 546 547 548 549 550 551 552 553 554 555 556 557 560 561 562 563 564 565 566 567 568 569 570 571 572 573 574 575 576 577 578 579 580 581 582 583 584 585 586 587 588 589 590 592 593 594 595 596 597 598 599 600 602 603 604 605 606 607 608 609 610 611 612 613 614 615 616 617 618 619 620 621 623 624 625 626 627 628 629 630 631 632 633 634 635 636 637 638 639 640 641 642 643 644 645 646 647 648 649 650 651 652 653 654 655 656 657 658 659 660 661 662 663 664 665 666 667 668 669 670 671 672 673 674 675 676 677 678 679 680 681 682 683 684 685 686 687 689 690 691 692 693 694 695 696 697 698 699 700 701 702 703 704 705 706 707 708 709 710 711 712 713 714 715 716 717 718 719 720 721 722 723 724 725 726 727 728 729 730 731 732 733 734 735 736 737 738 739 740 741 742 743 744 746 747 748 749 750 751 752 753 754 755 756 757 759 760 761 762 763 766 767 768 770 771 772 774 775 776 777 778 779 780 781 782 783 784 785 786 787 788 789 790 791 792 793 795 797 798 799 800 801 803 804 805 807 808 809 810 811 812 813 814 815 816 817 818 819 820 821 822 823 824 825 826 827 828 829 830 831 832 833 834 835 836 837 838 839 840 841 842 843 844 845 846 847 848 849 850 851 852 853 854 855 856 857 858 859 860 861 862 863 864 865 866 867 868 869 870 871 872 873 874 875 876 877 878 879 880 881 883 884 885 886 887 888 889 890 891 892 893 894 895 896 897 898 899 900 901 902 903 904 905 906 907 908 909 910 911 912 913 914 915 916 917 919 920 921 922 923 924 926 927 928 930 931 932 933 934 935 936 937 939 940 941 942 943 944 946 947 948 949 950 951 952 953 954 955 956 957 958 959 960 961 962 963 964 965 966 967 968 969 970 971 972 973 974 976 977 978 979 980 982 983 984 985 986 987 988 989 990 991 992 993 994 996 997 998 999
699
0 1 2 3 5 6 7 10 11 14 16 17 18 19 20 23 24 25 26 27 29 31 34 36 37 38 39 40 42 43 44 45 46 47 48 50 53 55 56 57 58 60 61 63 64 69 70 71 72 74 75 76 77 79 80 82 84 87 88 90 91 92 95 97 99 100 104 107 108 109 110 112 113 114 115 116 117 118 120 121 122 124 126 128 129 130 131 132 133 134 136 137 138 139 140 141 142 143 144 145 146 147 148 149 150 151 152 154 157 160 161 162 163 164 166 167 169 170 171 172 175 176 177 178 179 180 181 182 185 186 187 188 190 191 192 194 195 196 197 198 199 200 201 202 204 205 206 208 209 212 213 214 215 216 218 219 220 222 223 225 226 227 229 230 231 232 233 234 235 236 237 238 239 240 242 243 244 246 250 251 253 254 255 257 258 259 261 263 264 267 270 271 273 274 275 276 278 279 282 283 284 285 286 287 288 289 290 291 292 294 295 299 300 301 302 304 307 308 310 313 315 316 317 318 319 320 321 322 324 325 326 328 330 331 332 333 334 335 336 337 338 339 340 341 342 343 345 346 349 350 351 352 354 355 356 357 358 359 360 361 363 365 366 367 368 371 372 373 375 376 377 378 379 380 381 382 383 385 386 387 388 389 390 391 392 393 394 396 397 398 399 403 404 405 406 407 409 410 411 415 417 418 419 420 421 422 423 425 428 430 434 435 436 437 439 443 444 445 448 451 452 453 454 455 457 458 459 460 461 462 463 464 465 467 468 469 470 471 472 473 474 475 476 477 480 482 483 484 486 487 489 490 493 494 496 498 499 500 501 502 503 504 505 506 507 508 510 511 512 513 514 515 516 517 518 519 520 521 524 525 526 527 528 529 531 532 537 538 539 540 541 543 544 545 547 548 549 551 552 555 556 557 558 559 560 561 563 565 567 569 570 571 572 573 574 575 576 577 579 580 581 583 584 585 587 589 591 592 593 597 598 599 600 601 602 603 604 605 606 607 608 611 612 615 616 617 618 619 620 621 622 624 625 626 628 629 630 633 635 637 638 639 640 641 643 644 646 647 649 650 653 654 655 656 658 659 660 662 663 664 665 666 667 669 673 674 677 679 681 682 685 686 688 690 691 692 693 695 696 698 699 700 703 705 706 707 708 709 710 712 713 714 718 719 720 721 722 723 725 726 727 730 732 733 734 736 737 738 740 741 742 745 748 749 750 752 753 754 755 758 759 760 761 763 764 765 766 767 768 770 771 774 775 776 777 779 780 782 783 784 785 786 789 790 792 796 798 799 801 802 803 804 805 806 810 813 814 815 816 817 818 819 820 823 824 825 827 828 830 831 832 833 835 836 838 839 840 841 842 843 847 851 852 854 855 856 858 862 865 866 869 870 871 872 876 879 882 885 886 888 889 892 893 894 897 898 899 900 903 904 905 906 907 909 910 911 912 914 915 917 919 920 921 923 924 925 928 929 930 932 933 935 936 937 938 939 940 943 944 945 946 947 948 951 952 953 954 955 959 961 962 964 965 966 967 969 970 971 973 975 977 978 979 980 981 982 984 985 986 988 989 990 991 992 993 994 995 997 998
841
0 1 2 3 4 5 6 7 10 11 14 16 17 18 19 20 22 23 24 25 26 27 29 30 31 32 33 34 35 36 37 38 39 40 42 43 44 45 46 47 48 49 50 52 53 54 55 56 57 58 59 60 61 62 63 64 68 69 70 71 72 73 74 75 76 77 79 80 81 82 83 84 87 88 89 90 91 92 94 95 97 99 100 102 104 106 107 108 109 110 111 112 113 114 115 116 117 118 120 121 122 124 126 127 128 129 130 131 132 133 134 135 136 137 138 139 140 141 142 143 144 145 146 147 148 149 150 151 152 153 154 155 156 157 158 160 161 162 163 164 166 167 168 169 170 171 172 173 174 175 176 177 178 179 180 181 182 183 184 185 186 187 188 190 191 192 193 194 195 196 197 198 199 200 201 202 204 205 206 207 208 209 211 212 213 214 215 216 218 219 220 221 222 223 225 226 227 229 230 231 232 233 234 235 236 237 238 239 240 242 243 244 245 246 249 250 251 253 254 255 257 258 259 260 261 263 264 266 267 268 269 270 271 273 274 275 276 278 279 280 282 283 284 285 286 287 288 289 290 291 292 294 295 298 299 300 301 302 303 304 307 308 310 312 313 315 316 317 318 319 320 321 322 324 325 326 327 328 329 330 331 332 333 334 335 336 337 338 339 340 341 342 343 345 346 347 348 349 350 351 352 353 354 355 356 357 358 359 360 361 363 365 366 367 368 369 370 371 372 373 374 375 376 377 378 379 380 381 382 383 384 385 386 387 388 389 390 391 392 393 394 395 396 397 398 399 401 403 404 405 406 407 409 410 411 412 413 415 417 418 419 420 421 422 423 425 427 428 430 431 432 433 434 435 436 437 438 439 440 441 443 444 445 448 450 451 452 453 454 455 457 458 459 460 461 462 463 464 465 467 468 469 470 471 472 473 474 475 476 477 479 480 481 482 483 484 486 487 488 489 490 492 493 494 496 497 498 499 500 501 502 503 504 505 506 507 508 509 510 511 512 513 514 515 516 517 518 519 520 521 524 525 526 527 528 529 531 532 534 535 536 537 538 539 540 541 542 543 544 545 547 548 549 551 552 553 554 555 556 557 558 559 560 561 563 564 565 567 569 570 571 572 573 574 575 576 577 578 579 580 581 583 584 585 586 587 589 591 592 593 594 595 597 598 599 600 601 602 603 604 605 606 607 608 611 612 614 615 616 617 618 619 620 621 622 623 624 625 626 627 628 629 630 631 632 633 634 635 637 638 639 640 641 642 643 644 646 647 649 650 652 653 654 655 656 658 659 660 661 662 663 664 665 666 667 668 669 670 671 672 673 674 675 677 679 680 681 682 684 685 686 687 688 689 690 691 692 693 694 695 696 697 698 699 700 702 703 705 706 707 708 709 710 712 713 714 715 718 719 720 721 722 723 724 725 726 727 730 731 732 733 734 736 737 738 739 740 741 742 745 746 747 748 749 750 751 752 753 754 755 756 758 759 760 761 763 764 765 766 767 768 769 770 771 773 774 775 776 777 779 780 782 783 784 785 786 789 790 791 792 793 794 796 798 799 801 802 803 804 805 806 808 809 810 813 814 815 816 817 818 819 820 822 823 824 825 827 828 830 831 832 833 835 836 837 838 839 840 841 842 843 845 846 847 849 851 852 854 855 856 858 859 861 862 864 865 866 867 868 869 870 871 872 873 876 877 879 882 884 885 886 888 889 890 891 892 893 894 897 898 899 900 903 904 905 906 907 909 910 911 912 913 914 915 917 919 920 921 923 924 925 928 929 930 932 933 935 936 937 938 939 940 941 942 943 944 945 946 947 948 951 952 953 954 955 957 959 960 961 962 963 964 965 966 967 968 969 970 971 973 975 977 978 979 980 981 982 984 985 986 988 989 990 991 992 993 994 995 996 997 998
2
362 588
767
1 3 5 6 9 10 11 12 14 15 16 17 22 23 24 25 26 27 28 29 31 32 34 35 36 37 38 40 41 42 43 45 46 47 48 49 50 52 54 56 57 58 60 61 62 63 64 67 69 70 72 74 76 77 79 80 81 83 85 86 87 89 90 91 92 93 94 95 96 97 98 99 100 101 102 104 105 106 108 109 110 112 113 116 117 118 119 120 121 122 123 126 127 129 130 131 132 133 136 137 139 140 141 142 143 144 145 146 147 148 149 150 152 154 156 157 158 159 160 161 162 164 168 169 170 171 174 175 176 177 178 179 180 181 182 183 184 185 186 187 188 189 190 191 192 194 196 197 198 199 200 201 206 207 208 209 210 212 213 214 215 216 218 219 221 222 223 225 226 228 229 230 231 232 234 235 237 238 241 242 244 246 248 249 250 251 252 253 254 256 257 258 262 263 265 266 267 268 269 271 273 274 275 276 277 278 279 281 282 283 284 286 287 288 289 290 293 294 295 296 298 299 302 303 306 307 309 310 311 312 313 315 317 318 319 320 321 322 324 325 326 327 328 329 330 331 333 336 337 338 339 340 342 343 344 346 347 348 349 350 351 353 354 355 356 357 358 360 361 362 365 367 368 369 370 371 372 373 376 377 378 379 380 381 382 383 384 385 386 387 388 390 391 392 393 394 397 398 399 400 401 402 403 404 405 406 407 408 409 410 413 414 415 416 417 418 419 420 421 422 424 427 428 429 430 431 432 435 436 437 438 439 440 441 442 445 448 451 452 453 454 457 458 460 461 462 463 464 465 466 467 468 469 470 471 472 473 474 475 476 477 479 480 481 482 484 485 486 487 488 489 490 491 492 493 496 497 498 499 501 502 503 504 505 506 507 508 509 510 511 512 513 514 515 516 517 519 520 521 522 523 524 525 527 528 529 530 531 532 533 535 536 538 539 540 541 542 544 545 546 547 548 549 550 551 552 553 554 558 560 561 562 565 566 567 568 569 571 572 574 575 576 577 578 579 580 582 583 584 585 586 587 588 591 592 593 594 595 596 597 598 599 600 601 603 606 607 609 610 612 614 615 617 618 619 622 623 625 626 627 628 629 630 633 634 635 636 637 638 640 641 642 643 644 645 646 649 650 651 652 653 654 655 656 657 658 659 660 661 662 664 665 667 668 669 670 671 672 674 675 676 677 678 679 681 684 685 686 687 689 690 691 692 693 696 697 699 700 701 702 703 704 706 707 708 710 711 712 713 714 715 716 717 718 721 722 723 724 726 728 729 732 733 734 735 736 738 739 742 743 744 745 746 747 749 750 752 753 754 757 758 759 760 764 766 767 769 770 772 773 775 776 777 778 779 780 781 782 783 784 785 786 787 789 790 791 792 794 797 798 799 800 801 802 803 804 807 808 810 811 815 816 817 818 819 820 821 822 823 824 825 826 830 831 832 834 835 836 837 838 839 840 841 842 843 844 846 847 848 849 850 851 853 859 861 862 863 865 866 867 868 869 874 875 876 877 878 880 881 882 883 884 885 886 887 888 889 890 891 892 893 894 895 896 897 898 899 900 902 903 904 906 909 910 911 912 914 916 917 918 919 920 921 923 924 925 926 927 928 930 931 933 934 935 936 938 939 940 941 942 944 945 946 947 948 949 951 952 953 954 956 957 958 960 961 962 963 965 966 967 968 971 972 973 974 975 977 979 980 981 982 983 984 985 986 987 988 989 990 991 992 994 995 996 997 998 999
242
15 16 19 22 26 33 36 37 48 51 52 55 57 60 71 72 73 78 79 83 85 91 94 95 112 115 120 123 125 131 139 143 144 151 156 161 166 177 179 189 191 194 195 200 208 209 211 216 218 219 222 228 229 242 244 245 247 251 252 261 265 268 274 284 288 292 293 295 307 310 313 315 324 326 328 336 343 354 364 368 376 381 383 384 387 390 392 405 406 417 427 431 432 441 446 447 448 455 462 464 465 466 468 470 471 472 474 478 484 485 497 501 503 507 508 509 516 517 518 522 526 534 537 538 552 553 556 559 561 562 563 564 568 581 593 595 606 609 611 614 615 616 620 625 629 631 638 640 643 646 647 648 650 651 652 653 657 658 664 665 666 669 671 672 673 675 677 679 682 684 694 696 700 701 706 717 728 729 733 735 737 742 743 748 749 750 758 761 774 775 779 786 790 792 799 802 807 816 817 821 832 838 841 846 848 854 859 860 866 868 871 873 875 878 881 882 884 885 889 895 897 899 904 913 919 920 923 930 932 944 946 948 954 963 964 972 974 975 980 981 989 990
322
3 5 10 15 16 18 19 22 26 33 36 37 39 41 48 51 52 55 56 57 60 67 71 72 73 78 79 82 83 84 85 91 94 95 100 112 114 115 120 121 123 125 128 131 139 143 144 151 156 161 166 175 176 177 179 189 191 194 195 197 198 199 200 208 209 210 211 216 218 219 222 224 228 229 233 235 240 242 244 245 246 247 250 251 252 261 265 268 270 274 284 288 289 290 292 293 295 305 307 310 313 315 324 326 328 335 336 341 343 348 354 364 368 370 376 381 383 384 387 389 390 392 393 405 406 408 414 417 423 427 431 432 437 441 446 447 448 455 459 462 464 465 466 468 470 471 472 474 478 484 485 497 501 503 504 507 508 509 510 516 517 518 520 522 525 526 530 534 537 538 544 548 552 553 554 556 559 561 562 563 564 566 568 579 581 582 584 593 595 606 609 611 614 615 616 620 625 629 631 632 637 638 640 643 646 647 648 650 651 652 653 654 657 658 661 664 665 666 669 671 672 673 675 677 679 682 684 686 688 694 695 696 700 701 706 714 717 723 728 729 733 735 737 742 743 748 749 750 758 760 761 764 774 775 779 781 783 786 790 792 793 799 802 803 805 807 816 817 821 826 832 838 841 846 848 850 851 852 854 859 860 866 868 871 873 875 878 881 882 884 885 889 895 897 899 904 913 919 920 921 923 930 932 933 944 946 948 953 954 963 964 970 971 972 974 975 980 981 988 989 990 998
194
3 8 9 11 22 26 33 38 42 44 45 48 52 56 61 64 66 68 71 82 84 85 93 104 111 114 119 122 124 126 142 143 150 159 165 180 214 224 227 228 249 256 260 262 263 269 270 271 273 278 280 281 282 283 287 291 294 301 306 322 326 337 341 342 344 346 353 357 359 362 365 367 375 393 399 402 403 410 419 425 428 429 430 435 436 437 456 463 465 467 478 480 482 492 493 497 499 507 519 522 527 528 530 534 538 542 547 558 561 563 565 567 574 582 592 593 596 602 608 609 610 611 621 623 633 637 654 656 657 665 667 676 680 683 690 696 701 705 708 714 716 717 720 728 735 737 746 778 786 792 795 800 822 829 831 833 841 846 849 854 863 878 886 887 890 894 895 897 898 902 913 921 928 929 933 941 948 950 953 956 960 963 966 967 971 974 976 981 983 986 988 992 994 996
351
0 3 6 8 9 10 11 13 20 22 23 26 33 34 35 38 41 42 44 45 46 48 50 51 52 54 56 61 64 65 66 68 69 71 81 82 84 85 86 87 93 104 106 111 114 117 119 122 124 125 126 132 134 139 141 142 143 146 150 151 152 159 161 163 165 171 180 184 187 189 192 214 218 220 224 227 228 231 234 235 247 249 256 260 261 262 263 269 270 271 273 274 276 277 278 280 281 282 283 286 287 291 294 299 301 304 306 316 317 322 323 326 337 341 342 344 346 347 349 352 353 357 358 359 362 365 367 371 375 379 381 393 399 401 402 403 404 407 409 410 411 412 416 419 424 425 426 428 429 430 433 435 436 437 441 446 448 449 454 455 456 460 463 465 467 468 473 476 478 480 482 492 493 494 497 499 504 506 507 511 519 521 522 523 527 528 529 530 532 534 538 542 547 558 559 560 561 563 565 567 569 570 573 574 576 577 578 582 590 592 593 594 596 597 602 604 609 610 611 617 618 621 623 625 629 633 634 637 646 654 655 656 657 658 659 660 665 667 668 669 672 676 679 680 681 683 690 696 701 705 707 708 712 714 716 717 720 728 734 735 737 739 740 743 746 747 754 763 765 775 776 777 778 786 787 788 792 795 798 800 802 809 810 816 822 829 831 833 840 841 845 846 847 849 850 854 856 863 866 869 875 878 886 887 890 894 895 897 898 902 903 905 913 914 917 921 925 926 928 929 930 933 941 945 948 950 952 953 956 959 960 961 963 966 967 969 971 973 974 976 981 983 985 986 987 988 989 992 994 996 997
228
0 1 14 16 18 21 26 29 31 37 39 50 61 65 74 76 80 84 88 98 100 103 106 109 112 116 132 137 138 139 140 144 145 152 155 157 163 164 166 168 173 174 184 189 204 213 214 217 222 227 230 243 246 252 253 256 262 265 267 268 270 273 284 298 299 306 309 311 312 317 346 349 354 357 367 372 375 384 385 399 400 402 408 411 414 415 416 418 419 420 421 425 427 435 438 440 441 444 445 451 455 456 471 472 474 476 477 483 484 486 488 492 508 516 519 523 526 529 530 532 547 551 553 556 560 562 564 571 573 575 577 593 598 601 604 606 612 613 614 622 623 626 627 634 644 646 653 665 666 669 673 676 682 686 688 689 690 691 703 710 712 716 718 720 722 733 734 737 739 740 741 745 746 749 754 763 784 790 791 793 798 800 802 806 809 811 820 831 840 842 846 848 850 856 857 858 867 868 870 872 881 884 885 886 888 898 904 909 912 915 922 924 925 930 933 940 942 943 949 953 954 964 966 969 976 981 985 986
419
0 1 3 5 8 9 11 13 14 16 18 21 26 27 28 29 31 37 38 39 41 43 44 46 50 52 55 56 57 60 61 65 72 74 76 77 80 81 82 84 86 87 88 91 93 97 98 100 101 103 104 106 109 112 113 116 121 122 125 129 132 134 135 137 138 139 140 144 145 146 148 152 154 155 156 157 160 163 164 165 166 168 173 174 177 183 184 189 190 191 193 204 209 210 211 212 213 214 217 218 221 222 223 226 227 228 230 234 240 243 246 252 253 256 259 262 265 267 268 270 271 272 273 280 282 284 287 288 289 290 298 299 302 306 309 311 312 314 317 320 325 326 328 330 338 341 346 349 354 357 367 368 371 372 375 382 384 385 386 392 399 400 402 403 408 411 412 413 414 415 416 418 419 420 421 425 427 432 435 436 438 440 441 444 445 446 447 449 451 455 456 465 468 471 472 473 474 476 477 480 483 484 486 488 492 494 495 496 499 500 502 503 508 510 512 516 517 518 519 521 523 526 528 529 530 531 532 536 537 541 547 551 553 556 559 560 561 562 564 567 571 572 573 575 577 585 588 592 593 598 600 601 604 606 612 613 614 616 620 622 623 626 627 630 634 635 637 644 645 646 652 653 654 655 662 665 666 669 672 673 676 682 685 686 687 688 689 690 691 692 703 709 710 711 712 716 717 718 720 722 723 729 733 734 737 739 740 741 742 745 746 747 748 749 752 754 762 763 767 769 775 778 783 784 787 790 791 793 795 797 798 800 802 804 806 809 811 816 817 818 820 824 831 833 840 841 842 845 846 848 850 852 854 855 856 857 858 859 860 867 868 870 872 875 877 878 881 884 885 886 888 891 898 904 909 910 912 913 915 920 922 923 924 925 928 930 933 934 935 936 937 938 940 942 943 944 945 949 950 953 954 958 960 963 964 965 966 969 973 974 975 976 977 981 982 985 986 992 997
394
1 7 11 13 15 16 18 19 21 24 28 31 32 36 38 42 46 47 49 57 61 70 72 74 77 78 79 80 82 89 92 93 98 102 103 105 107 108 109 110 111 114 115 118 119 120 123 124 126 129 134 141 142 143 144 149 151 155 159 160 163 164 167 169 171 172 176 179 186 191 194 196 198 201 202 204 205 206 208 209 212 218 219 220 223 225 226 232 236 237 239 241 242 248 251 252 253 254 255 257 260 262 266 269 272 275 276 277 278 283 284 285 286 287 288 295 297 303 306 307 310 312 315 320 321 328 329 330 333 334 335 336 344 346 347 351 352 356 361 363 364 367 369 376 377 389 394 400 402 403 405 406 414 416 420 429 431 432 433 436 437 438 440 441 442 448 449 452 454 455 456 461 462 464 466 467 472 475 476 477 479 481 483 484 486 488 489 490 491 496 499 500 503 507 510 511 512 514 518 520 521 525 526 528 530 532 533 534 535 537 539 544 545 548 550 552 553 554 556 557 562 564 565 566 568 569 570 571 574 577 578 581 585 586 588 590 596 600 601 604 611 612 615 618 620 626 627 628 629 630 632 633 634 637 638 641 643 644 645 647 648 651 653 654 656 657 662 664 665 669 671 673 674 675 676 683 685 687 688 690 702 703 704 705 710 713 718 719 721 722 724 725 728 730 731 737 740 742 743 745 747 753 756 758 761 762 770 772 774 775 777 783 791 796 797 799 802 803 805 808 810 811 815 817 818 820 821 822 823 824 825 826 828 829 832 833 838 847 848 852 854 858 869 870 872 873 879 880 890 895 896 898 899 900 905 908 909 913 915 918 919 923 926 929 932 936 938 939 941 942 943 944 949 951 956 958 961 962 964 965 966 969 971 979 981 984 987 988 989 990 991 992 998 999
647
1 3 5 6 7 9 11 13 15 16 17 18 19 21 24 26 27 28 29 31 32 35 36 38 40 42 45 46 47 49 53 54 55 56 57 59 61 63 64 65 67 68 69 70 72 73 74 75 76 77 78 79 80 82 83 85 87 89 92 93 94 97 98 100 102 103 105 107 108 109 110 111 114 115 118 119 120 123 124 126 128 129 134 135 139 140 141 142 143 144 147 149 151 152 153 154 155 159 160 161 162 163 164 167 169 170 171 172 173 174 175 176 177 179 181 183 184 186 189 191 194 195 196 197 198 199 201 202 203 204 205 206 208 209 211 212 215 218 219 220 223 224 225 226 227 231 232 233 236 237 238 239 241 242 244 245 247 248 249 250 251 252 253 254 255 256 257 258 260 262 263 264 265 266 268 269 271 272 273 275 276 277 278 279 281 282 283 284 285 286 287 288 293 294 295 297 303 304 305 306 307 308 310 312 313 315 316 318 320 321 322 324 325 327 328 329 330 333 334 335 336 339 344 345 346 347 349 351 352 355 356 358 361 363 364 365 367 369 370 373 375 376 377 378 380 382 386 388 389 391 393 394 395 400 402 403 405 406 408 411 413 414 416 420 429 430 431 432 433 435 436 437 438 439 440 441 442 445 448 449 451 452 454 455 456 458 461 462 464 466 467 469 470 471 472 473 474 475 476 477 479 481 483 484 485 486 488 489 490 491 492 494 496 499 500 502 503 504 506 507 509 510 511 512 514 515 516 518 519 520 521 523 525 526 528 529 530 532 533 534 535 536 537 539 540 541 542 543 544 545 546 548 550 552 553 554 555 556 557 559 560 562 563 564 565 566 568 569 570 571 572 574 576 577 578 580 581 582 583 585 586 588 590 595 596 598 599 600 601 604 611 612 614 615 616 617 618 620 621 623 626 627 628 629 630 632 633 634 637 638 641 643 644 645 647 648 649 650 651 652 653 654 656 657 658 659 660 661 664 665 666 667 669 671 672 673 674 675 676 677 678 683 684 685 687 688 689 690 693 696 700 702 703 704 705 707 710 711 712 713 714 718 719 721 722 723 724 725 728 729 730 731 732 733 735 737 739 740 742 743 745 747 750 753 754 755 756 757 758 759 760 761 762 766 767 768 769 770 772 774 775 776 777 780 782 783 784 785 788 789 791 793 796 797 799 801 802 803 804 805 807 808 810 811 812 813 815 817 818 820 821 822 823 824 825 826 828 829 832 833 834 836 837 838 840 841 843 844 846 847 848 849 850 852 853 854 855 856 858 859 861 863 867 869 870 872 873 874 877 879 880 881 884 885 886 887 888 890 893 895 896 897 898 899 900 903 904 905 906 907 908 909 913 915 918 919 923 924 926 928 929 932 936 937 938 939 940 941 942 943 944 948 949 951 952 953 956 957 958 961 962 963 964 965 966 967 969 970 971 976 977 978 979 981 983 984 986 987 988 989 990 991 992 993 994 998 999
31
26 77 133 258 260 261 273 318 322 352 355 389 393 397 411 500 525 672 684 697 702 724 750 805 833 838 857 876 926 942 982
223
4 12 14 23 26 31 42 46 47 50 54 55 60 68 70 77 91 93 97 105 111 120 121 126 131 133 137 149 156 158 170 183 187 189 191 208 217 219 220 227 232 234 235 249 258 260 261 263 264 266 268 273 274 279 280 281 283 293 301 309 310 314 318 322 329 330 336 346 352 355 357 361 369 370 374 375 382 388 389 390 393 395 397 399 400 405 411 419 421 426 427 431 437 439 446 453 455 456 458 463 466 474 476 481 485 488 492 495 500 501 506 508 509 516 521 523 525 529 532 538 539 540 547 552 553 555 557 558 562 570 577 590 602 604 606 608 609 620 623 625 639 642 643 644 652 655 659 661 666 670 672 682 684 692 697 699 702 724 731 733 737 738 749 750 751 756 759 760 764 767 778 782 792 801 805 808 813 817 823 824 833 838 846 848 851 854 857 861 866 870 872 876 885 888 905 907 908 913 926 928 931 936 940 941 942 951 954 957 958 961 968 969 970 972 973 974 980 982 984 985 987 996 998
9
153 325 404 408 415 487 585 692 699
330
0 2 6 9 15 17 18 19 21 23 29 31 33 34 38 41 42 43 45 52 56 60 63 68 69 71 73 77 81 83 84 86 87 88 89 91 94 95 97 99 103 105 113 116 119 127 129 130 135 136 138 142 143 144 149 151 153 161 164 165 166 168 170 171 172 174 176 177 179 180 184 187 189 191 193 194 197 201 209 210 215 216 221 222 223 225 228 229 231 234 236 237 239 243 251 257 263 264 266 268 276 277 279 280 282 289 291 293 295 296 297 303 316 317 318 322 325 329 330 331 338 352 357 359 360 365 366 375 376 377 381 383 385 394 399 403 404 405 406 408 409 413 415 416 418 419 429 438 439 445 448 450 451 453 454 456 459 462 466 468 470 476 479 481 482 486 487 489 492 496 503 505 508 509 514 515 517 518 519 521 522 528 532 533 535 536 544 546 547 549 550 559 561 563 566 567 570 571 582 585 590 593 597 598 600 602 606 608 617 621 633 644 647 649 654 655 658 661 664 669 671 675 676 677 684 686 689 692 694 696 699 700 707 708 709 711 712 715 718 721 724 725 732 733 734 738 742 743 744 746 747 748 751 757 761 763 772 775 780 781 782 783 784 787 789 791 797 800 801 804 807 814 817 819 821 826 832 833 834 835 838 842 845 852 853 856 857 859 861 866 874 875 880 881 882 885 887 888 890 900 903 911 912 914 920 925 928 930 931 938 939 941 944 947 953 956 957 958 960 962 964 967 969 973 976 982 983 985 991 996
101
5 33 41 69 81 85 113 131 138 139 142 145 149 154 160 170 172 173 181 198 206 225 227 237 238 239 245 246 281 289 293 296 299 322 329 331 334 340 344 364 385 391 396 417 420 425 430 434 444 451 452 454 461 471 479 482 490 492 500 505 516 534 538 544 554 603 608 621 622 631 643 648 667 677 701 705 713 718 732 747 752 758 785 792 803 824 832 839 845 854 876 881 890 910 929 948 965 971 987 991 999
419
5 6 12 13 14 19 20 21 23 25 28 29 32 33 34 37 41 50 55 58 61 63 64 67 68 69 71 73 75 77 81 83 85 90 98 100 103 108 110 111 113 115 118 120 121 131 138 139 142 143 144 145 149 154 156 159 160 161 163 165 166 167 168 170 172 173 174 175 178 180 181 183 184 186 188 189 191 193 195 197 198 199 203 204 206 208 209 212 215 216 217 220 224 225 226 227 228 229 230 231 234 237 238 239 241 243 244 245 246 247 248 249 251 252 254 260 265 266 272 274 277 280 281 283 287 289 293 296 299 304 306 310 318 320 321 322 325 327 329 331 333 334 335 336 338 339 340 342 344 348 349 351 353 355 357 359 360 362 363 364 367 369 373 374 377 380 384 385 389 390 391 392 393 394 395 396 397 398 399 400 403 406 417 420 424 425 430 431 434 436 438 439 444 445 450 451 452 454 459 460 461 462 466 471 473 475 478 479 482 483 486 487 490 492 493 499 500 503 505 506 507 511 512 515 516 517 520 521 523 524 532 533 534 536 537 538 539 543 544 545 552 554 558 561 562 570 574 580 582 583 592 594 595 598 600 601 602 603 607 608 609 610 612 614 616 619 620 621 622 624 627 631 634 636 637 639 642 643 644 646 648 650 661 663 667 671 673 677 682 683 691 697 698 701 702 703 704 705 706 708 713 715 718 720 722 725 727 729 732 733 735 736 744 746 747 750 752 753 756 758 767 768 770 773 775 778 781 785 792 797 800 802 803 805 806 810 813 814 818 819 822 824 826 827 831 832 833 834 836 837 838 839 840 842 845 848 849 850 853 854 855 859 861 862 863 869 870 873 874 876 877 879 881 884 886 889 890 891 892 901 902 906 908 909 910 921 929 930 935 938 942 943 944 946 947 948 952 954 955 959 960 961 965 966 969 970 971 972 973 977 985 986 987 988 989 991 997 998 999